6434
0 624 13
1 625 14
2 626 544
3 627 90
4 628 20
5 629 23
6 630 28
7 631 40
8 632 42
9 633 218
10 634 45
11 635 598
12 636 57
13 637 104
14 638 70
15 639 73
16 640 116
17 641 78
18 642 79
19 643 80
20 644 81
21 645 82
22 646 88
23 647 89
24 648 90
25 649 94
26 650 97
27 651 98
28 652 100
29 653 102
30 654 103
31 655 104
32 656 121
33 657 112
34 658 113
35 659 115
36 660 121
37 661 124
38 662 80
39 663 34
40 664 218
41 665 18
42 666 95
43 667 155
44 668 118
45 669 12
46 670 110
47 671 16
48 672 459
49 673 19
50 674 20
51 675 24
52 676 26
53 677 85
54 678 269
55 679 31
56 680 39
57 681 34
58 682 40
59 683 41
60 184 929
61 685 215
62 686 46
63 687 51
64 688 54
65 689 202
66 690 60
67 691 65
68 692 66
69 693 70
70 694 76
71 695 78
72 696 79
73 697 81
74 698 37
75 699 88
76 700 89
77 701 90
78 702 93
79 703 98
80 704 100
81 705 221
82 706 102
83 707 103
84 708 105
85 709 106
86 710 107
87 711 108
88 712 109
89 713 110
90 714 113
91 715 116
92 716 118
93 717 119
94 718 121
95 719 122
96 720 134
97 721 123
98 722 93
99 724 58
100 725 160
101 726 13
102 727 459
103 728 117
104 729 181
105 730 36
106 731 44
107 732 197
108 733 47
109 735 467
110 736 103
111 737 59
112 738 104
113 739 67
114 740 70
115 741 75
116 742 80
117 743 81
118 744 83
119 745 86
120 746 87
121 747 91
122 748 92
123 749 93
124 750 101
125 751 105
126 752 107
127 753 109
128 754 113
129 755 114
130 756 115
131 757 64
132 758 119
133 759 120
134 760 121
135 761 122
136 762 124
137 763 620
138 224 2150
139 764 220
140 765 568
141 766 582
142 767 119
143 768 11
144 769 157
145 770 19
146 771 214
147 772 22
148 773 24
149 774 26
150 775 29
151 776 39
152 777 19
153 778 42
154 779 45
155 1906 621
156 781 62
157 782 67
158 783 207
159 784 71
160 785 76
161 786 80
162 787 213
163 788 83
164 789 84
165 790 85
166 791 87
167 792 91
168 793 92
169 794 93
170 795 99
171 796 100
172 797 101
173 798 102
174 799 87
175 800 108
176 801 110
177 802 111
178 803 113
179 804 114
180 805 118
181 806 124
182 807 145
183 808 33
184 809 103
185 810 138
186 2142 139
187 812 145
188 813 487
189 814 582
190 815 14
191 816 29
192 817 23
193 818 108
194 819 31
195 820 42
196 821 50
197 822 52
198 823 53
199 824 54
200 825 61
201 826 64
202 827 65
203 828 69
204 829 73
205 830 74
206 831 77
207 832 78
208 833 79
209 614 847
210 834 85
211 835 86
212 836 88
213 837 93
214 838 95
215 839 57
216 840 98
217 841 91
218 842 101
219 843 106
220 844 107
221 845 112
222 846 113
223 847 222
224 848 116
225 849 117
226 850 118
227 851 119
228 852 120
229 853 122
230 854 123
231 855 124
232 856 128
233 857 139
234 858 147
235 859 160
236 860 25
237 861 15
238 862 173
239 863 176
240 864 89
241 865 21
242 866 90
243 867 26
244 868 36
245 869 38
246 870 39
247 871 385
248 872 44
249 873 48
250 874 49
251 875 199
252 876 54
253 877 55
254 878 57
255 879 58
256 880 62
257 882 205
258 883 70
259 884 23
260 885 78
261 886 79
262 887 81
263 888 82
264 889 84
265 890 85
266 891 86
267 892 87
268 893 88
269 894 89
270 895 94
271 896 95
272 897 96
273 898 97
274 899 98
275 900 101
276 901 102
277 902 104
278 903 105
279 904 106
280 905 17
281 906 108
282 907 110
283 908 111
284 909 112
285 910 114
286 911 118
287 912 122
288 913 123
289 914 123
290 915 90
291 916 45
292 917 206
293 918 100
294 919 139
295 920 462
296 921 212
297 922 124
298 923 155
299 924 111
300 925 48
301 926 213
302 928 28
303 929 183
304 930 330
305 931 31
306 932 32
307 933 36
308 934 44
309 935 47
310 200 201
311 937 202
312 938 52
313 939 17
314 940 55
315 941 67
316 942 101
317 943 71
318 944 207
319 945 212
320 946 81
321 947 82
322 948 84
323 949 87
324 950 89
325 951 40
326 952 94
327 953 95
328 954 96
329 955 97
330 956 98
331 957 100
332 958 101
333 959 103
334 960 104
335 961 105
336 962 219
337 963 109
338 964 111
339 965 112
340 966 114
341 967 115
342 968 117
343 969 120
344 970 220
345 971 426
346 972 182
347 973 92
348 974 93
349 975 27
350 976 16
351 977 181
352 978 30
353 979 34
354 980 121
355 981 48
356 982 56
357 983 64
358 984 68
359 985 71
360 986 72
361 987 73
362 988 74
363 989 75
364 990 76
365 991 80
366 992 81
367 993 90
368 994 91
369 995 94
370 996 96
371 997 97
372 998 104
373 999 108
374 1000 109
375 1001 110
376 1002 524
377 1003 112
378 1004 113
379 1005 115
380 1006 118
381 1007 120
382 1008 121
383 1009 123
384 1010 124
385 1011 120
386 1012 620
387 1013 97
388 1014 27
389 1015 117
390 1016 426
391 1017 135
392 1018 156
393 1019 227
394 1020 228
395 1021 229
396 1022 230
397 1023 231
398 1024 232
399 1025 233
400 1026 234
401 1027 235
402 1028 236
403 1029 237
404 1030 183
405 1031 238
406 1032 239
407 1033 240
408 1034 241
409 1035 242
410 1036 243
411 1037 244
412 1038 245
413 1039 246
414 1040 247
415 1041 248
416 1042 249
417 1043 250
418 1044 251
419 1045 252
420 1046 253
421 1047 254
422 1048 255
423 1049 256
424 1050 257
425 1051 258
426 1052 259
427 1053 260
428 1054 261
429 1055 262
430 1056 263
431 1057 264
432 1058 266
433 1059 267
434 1060 268
435 1061 269
436 1062 155
437 1063 270
438 1064 271
439 1065 272
440 1066 273
441 1067 274
442 1068 275
443 1069 276
444 1070 277
445 1071 278
446 1072 279
447 1073 280
448 1074 281
449 1075 282
450 1076 283
451 1077 525
452 1078 284
453 1079 285
454 1080 286
455 1081 287
456 1082 288
457 1083 289
458 1084 290
459 1085 291
460 1086 292
461 1087 293
462 1088 294
463 1089 295
464 1090 296
465 1091 297
466 1092 298
467 1093 299
468 1094 300
469 1095 301
470 1096 302
471 1097 303
472 1098 304
473 1099 305
474 1100 306
475 1101 307
476 1102 308
477 1103 309
478 1104 310
479 1105 311
480 1106 312
481 1107 313
482 1108 314
483 1109 315
484 1110 316
485 1111 317
486 1112 318
487 1113 129
488 1114 6
489 1115 320
490 321 159
491 1116 322
492 1117 163
493 1118 323
494 1119 324
495 1120 171
496 1121 325
497 1122 327
498 1123 185
499 1124 328
500 1125 329
501 1126 330
502 1127 331
503 1128 332
504 1129 333
505 1130 334
506 1131 335
507 1132 336
508 1133 337
509 1134 338
510 1135 339
511 1136 340
512 1137 341
513 1138 342
514 1139 343
515 1140 344
516 1141 345
517 1142 346
518 2214 27
519 1143 348
520 1144 349
521 1145 350
522 1146 351
523 1147 352
524 1148 353
525 1149 354
526 1150 355
527 1151 357
528 1152 358
529 1153 359
530 1154 360
531 1155 361
532 1156 126
533 1157 362
534 1158 364
535 1160 365
536 1161 366
537 1163 367
538 1164 368
539 1165 369
540 1166 370
541 1167 371
542 185 181
543 1168 372
544 1169 373
545 1170 374
546 1171 375
547 1172 376
548 1173 378
549 1174 379
550 1175 380
551 1176 381
552 1177 383
553 1178 384
554 1179 385
555 1180 386
556 1181 387
557 1182 388
558 1183 389
559 1184 390
560 1185 391
561 1186 392
562 1187 393
563 1188 394
564 1189 395
565 1190 396
566 1191 397
567 1192 398
568 1193 399
569 1194 400
570 1195 401
571 1196 402
572 1197 404
573 1198 405
574 1199 135
575 1200 406
576 1201 407
577 408 137
578 1204 153
579 1205 161
580 1206 162
581 1207 409
582 1208 410
583 1209 411
584 1210 412
585 1211 413
586 1212 414
587 1213 415
588 1214 416
589 1215 417
590 1216 418
591 1217 419
592 1218 421
593 1219 422
594 1220 423
595 1221 424
596 1222 425
597 1223 426
598 1224 427
599 1225 428
600 1226 429
601 1227 430
602 1228 431
603 1229 432
604 1230 433
605 1231 434
606 1232 435
607 1233 436
608 1234 437
609 1235 438
610 1236 440
611 1237 441
612 1238 442
613 1239 443
614 1240 444
615 1241 445
616 1242 446
617 1243 447
618 1244 448
619 1245 449
620 1246 450
621 1247 451
622 1248 452
623 1249 453
624 1250 454
625 1251 455
626 1252 456
627 1253 457
628 1254 289
629 1255 459
630 1256 460
631 1257 461
632 1258 173
633 1259 174
634 1260 463
635 1261 464
636 1262 465
637 1263 466
638 1264 467
639 1265 468
640 1266 469
641 1267 470
642 1268 213
643 1269 471
644 1270 472
645 1271 473
646 1272 518
647 1273 475
648 1274 476
649 1275 477
650 1276 478
651 1277 479
652 1278 480
653 1279 482
654 1280 483
655 1281 484
656 1282 485
657 1283 486
658 1284 487
659 1285 488
660 1286 489
661 1287 490
662 1288 491
663 1289 492
664 1290 493
665 1291 494
666 1292 495
667 1293 496
668 1294 497
669 1295 498
670 1296 499
671 1297 500
672 1298 501
673 1299 502
674 1300 503
675 1301 504
676 1302 505
677 1303 506
678 1304 507
679 1305 508
680 1306 509
681 1307 510
682 1308 511
683 1309 512
684 1310 513
685 1311 514
686 1312 515
687 1313 516
688 1314 517
689 1315 135
690 1316 518
691 2199 197
692 1317 145
693 1318 146
694 1319 520
695 1320 521
696 1321 522
697 1322 523
698 1323 524
699 1324 525
700 1325 526
701 1326 330
702 1327 527
703 1328 528
704 1329 190
705 1330 529
706 1331 193
707 1332 530
708 1333 531
709 1334 198
710 1335 532
711 1336 533
712 1337 534
713 1338 535
714 1339 536
715 2179 201
716 1340 537
717 1341 538
718 1342 539
719 1343 540
720 1344 541
721 1345 542
722 1346 543
723 1347 544
724 1348 545
725 1349 216
726 1350 546
727 1351 547
728 1352 548
729 1353 549
730 1354 550
731 1355 551
732 1356 552
733 1357 553
734 1358 554
735 1359 555
736 1360 556
737 1361 557
738 1362 558
739 1363 559
740 1364 560
741 1365 561
742 1366 562
743 1367 563
744 1368 564
745 1369 565
746 1370 566
747 1371 395
748 1372 567
749 1373 150
750 1374 148
751 1375 149
752 1376 568
753 2243 204
754 1377 569
755 1378 570
756 1379 571
757 1380 573
758 173 177
759 1381 574
760 1382 575
761 1383 576
762 1384 577
763 1385 578
764 1331 198
765 1386 579
766 1387 580
767 1388 582
768 1389 583
769 1390 584
770 1391 585
771 1392 586
772 1393 587
773 1394 588
774 1395 589
775 1396 590
776 1397 591
777 1398 592
778 1399 593
779 1400 594
780 1401 595
781 1402 596
782 1403 597
783 1404 598
784 1405 599
785 1406 600
786 1407 216
787 1408 601
788 1409 602
789 1410 603
790 1411 604
791 1412 605
792 1413 606
793 1414 607
794 1415 608
795 1416 609
796 1417 126
797 1418 610
798 1419 611
799 1420 612
800 1421 613
801 1422 148
802 1423 545
803 1424 180
804 1425 125
805 2227 141
806 1427 225
807 1428 225
808 1429 289
809 1430 59
810 1431 153
811 1432 7
812 1433 7
813 2161 2155
814 1434 504
815 1435 273
816 1436 273
817 1437 535
818 1438 263
819 1439 263
820 1440 263
821 1441 573
822 1442 573
823 1443 608
824 1444 607
825 1445 607
826 1446 607
827 1447 461
828 1448 461
829 1449 512
830 1450 409
831 1451 409
832 1452 268
833 1453 521
834 1454 521
835 1455 453
836 1456 361
837 1457 361
838 1458 361
839 1459 405
840 1460 405
841 1461 320
842 1462 513
843 1463 513
844 1464 374
845 1465 451
846 1466 451
847 1467 511
848 1468 318
849 1469 318
850 1470 513
851 1471 452
852 1472 452
853 1473 318
854 1474 360
855 1475 360
856 1476 367
857 1477 274
858 1478 274
859 1479 288
860 1480 229
861 1481 229
862 1482 533
863 1483 445
864 1484 445
865 1485 445
866 1486 615
867 1487 356
868 1488 615
869 1489 304
870 1490 567
871 1491 567
872 1492 573
873 1493 364
874 1494 364
875 1495 403
876 1496 616
877 1497 558
878 1498 616
879 1499 558
880 1500 284
881 1501 284
882 1502 370
883 1503 366
884 1504 366
885 1505 276
886 1506 258
887 1507 258
888 1508 258
889 1509 271
890 1510 271
891 1511 359
892 1512 358
893 1513 358
894 1514 358
895 1515 324
896 1516 324
897 1517 609
898 1518 411
899 1519 411
900 1520 460
901 1521 577
902 1522 577
903 1523 317
904 1524 606
905 1525 606
906 1526 606
907 1527 262
908 1528 262
909 1529 605
910 1530 450
911 1531 450
912 1532 277
913 1533 316
914 1534 316
915 1535 357
916 1536 365
917 1537 365
918 1538 450
919 1539 565
920 1540 565
921 1541 365
922 1542 449
923 1543 449
924 1544 466
925 1545 371
926 1546 371
927 1547 410
928 1548 464
929 1549 464
930 1550 372
931 1551 404
932 1552 404
933 1553 404
934 1554 369
935 1555 369
936 1556 270
937 1557 613
938 1558 613
939 1559 483
940 1560 325
941 1561 325
942 1562 526
943 1563 564
944 1564 564
945 1565 575
946 1566 604
947 1567 604
948 1568 315
949 1569 448
950 1570 448
951 1571 448
952 1572 510
953 1573 510
954 1574 447
955 1575 267
956 1576 267
957 1577 279
958 1578 314
959 1579 314
960 1580 446
961 1581 413
962 1582 413
963 1583 267
964 1584 564
965 1585 564
966 1586 347
967 1587 617
968 1588 265
969 1589 617
970 1590 413
971 1591 571
972 1592 571
973 1593 541
974 1594 571
975 1595 571
976 2143 140
977 1596 216
978 1597 215
979 1598 603
980 1599 576
981 1600 576
982 1601 368
983 1602 385
984 1603 353
985 1604 354
986 1605 385
987 1606 385
988 1607 354
989 1608 563
990 1609 563
991 1610 328
992 1611 353
993 1612 353
994 1613 402
995 1614 509
996 1615 509
997 1616 261
998 1617 266
999 1618 266
1000 1619 509
1001 1620 562
1002 1621 562
1003 1622 529
1004 1623 468
1005 1624 468
1006 1625 282
1007 1626 504
1008 1627 504
1009 1628 547
1010 1629 352
1011 1630 352
1012 1631 352
1013 1632 268
1014 1633 268
1015 1634 444
1016 1635 443
1017 1636 443
1018 1637 443
1019 1638 374
1020 1639 374
1021 1640 508
1022 1641 470
1023 1642 470
1024 1643 283
1025 1644 313
1026 1645 313
1027 1646 401
1028 1647 602
1029 1648 602
1030 1649 602
1031 1650 260
1032 1651 260
1033 1652 601
1034 1653 561
1035 1654 561
1036 1655 375
1037 1656 400
1038 1657 400
1039 1658 522
1040 1659 507
1041 1660 507
1042 1661 561
1043 1662 259
1044 1663 259
1045 1664 507
1046 1665 560
1047 1666 560
1048 1667 235
1049 1668 414
1050 1669 414
1051 1670 376
1052 1671 370
1053 1672 370
1054 1673 515
1055 1674 600
1056 1675 600
1057 1676 600
1058 1677 460
1059 1678 460
1060 1679 272
1061 1680 311
1062 1681 311
1063 1682 311
1064 1683 277
1065 1684 277
1066 1685 351
1067 1686 329
1068 1687 329
1069 1688 312
1070 1689 399
1071 1690 399
1072 1691 455
1073 1692 506
1074 1693 506
1075 1694 131
1076 1695 599
1077 1696 530
1078 1697 530
1079 1698 472
1080 1699 410
1081 1700 410
1082 1701 523
1083 1702 412
1084 1703 412
1085 1704 412
1086 1705 575
1087 1706 575
1088 1707 310
1089 1708 309
1090 1709 309
1091 1710 309
1092 1711 279
1093 1712 279
1094 1713 350
1095 1714 331
1096 1715 331
1097 1716 505
1098 1717 598
1099 1718 598
1100 1719 332
1101 1720 532
1102 1721 474
1103 1722 474
1104 1723 566
1105 1725 541
1106 1726 520
1107 1727 520
1108 1728 581
1109 1729 618
1110 1730 520
1111 1731 618
1112 1732 440
1113 1733 503
1114 1734 503
1115 1735 308
1116 1736 502
1117 1737 502
1118 1738 382
1119 1739 619
1120 1740 308
1121 1741 619
1122 1742 380
1123 1743 349
1124 1744 349
1125 1745 475
1126 1746 502
1127 1747 502
1128 1748 557
1129 1749 307
1130 1750 307
1131 1752 307
1132 1753 349
1133 1754 349
1134 1755 418
1135 1756 287
1136 1757 287
1137 1758 536
1138 1759 528
1139 1760 528
1140 1761 476
1141 1762 501
1142 1763 501
1143 1764 501
1144 1765 406
1145 1766 406
1146 1767 335
1147 1768 333
1148 1769 333
1149 1770 333
1150 1771 266
1151 1772 266
1152 1773 256
1153 1774 234
1154 1775 234
1155 1776 580
1156 1777 239
1157 1778 239
1158 1779 257
1159 1780 556
1160 1781 556
1161 1782 556
1162 1783 597
1163 1784 597
1164 1785 555
1165 1786 407
1166 1787 407
1167 1788 435
1168 1789 255
1169 1790 255
1170 1791 305
1171 1792 500
1172 1793 500
1173 1794 407
1174 1795 306
1175 1796 306
1176 1797 500
1177 1798 396
1178 1799 396
1179 1800 238
1180 1801 477
1181 1802 477
1182 1803 323
1183 1804 297
1184 1805 297
1185 1806 499
1186 1807 348
1187 1808 348
1188 1809 499
1189 1810 469
1190 1811 469
1191 1812 554
1192 1813 553
1193 1814 553
1194 1815 553
1195 1816 280
1196 1817 280
1197 1818 254
1198 1819 237
1199 1820 237
1200 1821 348
1201 1822 538
1202 1823 538
1203 1824 226
1204 1825 438
1205 1826 517
1206 1827 517
1207 1828 394
1208 1829 393
1209 1830 393
1210 1831 226
1211 1832 225
1212 1833 303
1213 1834 285
1214 1835 285
1215 1836 129
1216 1837 129
1217 1838 620
1218 1839 454
1219 1840 552
1220 1841 436
1221 1842 551
1222 1843 302
1223 1844 302
1224 1845 551
1225 1846 530
1226 1847 530
1227 1848 610
1228 1849 579
1229 1850 579
1230 1851 498
1231 1852 419
1232 1853 419
1233 1854 253
1234 1855 496
1235 1856 496
1236 1857 253
1237 1858 302
1238 1859 302
1239 1860 596
1240 1861 595
1241 1862 595
1242 1863 550
1243 1864 479
1244 1865 479
1245 1866 473
1246 1867 596
1247 1868 596
1248 1869 416
1249 1870 434
1250 1871 434
1251 1872 594
1252 1873 327
1253 1874 327
1254 1875 495
1255 1876 494
1256 1877 494
1257 1878 251
1258 1879 582
1259 1880 582
1260 1881 548
1261 1882 355
1262 1883 355
1263 1884 417
1264 1885 495
1265 1886 495
1266 1887 548
1267 1888 494
1268 1889 494
1269 1890 418
1270 1891 421
1271 1892 421
1272 1893 422
1273 1894 415
1274 1895 415
1275 1896 290
1276 1897 322
1277 1898 322
1278 1899 322
1279 1900 286
1280 1901 286
1281 1902 570
1282 1903 569
1283 1904 569
1284 1908 291
1285 1909 301
1286 1910 301
1287 1911 346
1288 1912 392
1289 1913 392
1290 1914 392
1291 1915 433
1292 1916 433
1293 1917 391
1294 1918 345
1295 1919 345
1296 1920 336
1297 1921 593
1298 1922 593
1299 1923 437
1300 1924 390
1301 1925 390
1302 1926 377
1303 1927 622
1304 92 2240
1305 1930 390
1306 1931 344
1307 1932 344
1308 1933 537
1309 1934 379
1310 1935 379
1311 1936 539
1312 1937 536
1313 1938 536
1314 1939 584
1315 1940 230
1316 1941 230
1317 1942 230
1318 1943 580
1319 1944 580
1320 1945 465
1321 1946 463
1322 1947 463
1323 1948 463
1324 1949 435
1325 1950 435
1326 1951 299
1327 1952 292
1328 1953 292
1329 1954 585
1330 1955 592
1331 1956 592
1332 1957 514
1333 1958 250
1334 1959 250
1335 1960 250
1336 1961 300
1337 1962 300
1338 1963 249
1339 1964 493
1340 1965 493
1341 1966 241
1342 1967 248
1343 1968 248
1344 1969 298
1345 1970 432
1346 1971 432
1347 1972 493
1348 1973 546
1349 1974 546
1350 1975 432
1351 1976 492
1352 1977 492
1353 1978 586
1354 1979 424
1355 1980 424
1356 1981 323
1357 1982 337
1358 1983 337
1359 1984 337
1360 1985 343
1361 1986 343
1362 1987 334
1363 1988 389
1364 1989 389
1365 1990 152
1366 1991 153
1367 1992 397
1368 1993 491
1369 1994 491
1370 1995 491
1371 1996 545
1372 1997 545
1373 1998 490
1374 1999 431
1375 2000 431
1376 2001 431
1377 2002 342
1378 2003 342
1379 2004 583
1380 2005 425
1381 2006 425
1382 2007 456
1383 2008 419
1384 2009 489
1385 2010 489
1386 2011 488
1387 2012 430
1388 2013 430
1389 2014 479
1390 2015 544
1391 2016 544
1392 2017 388
1393 2018 430
1394 2019 430
1395 2020 338
1396 2021 341
1397 2022 341
1398 2023 171
1399 2024 383
1400 2025 386
1401 2026 587
1402 2027 338
1403 2028 338
1404 2029 7
1405 2030 378
1406 2031 243
1407 2032 543
1408 2033 543
1409 2034 179
1410 2035 326
1411 169 2221
1412 2036 247
1413 166 167
1414 2038 172
1415 2039 484
1416 2040 487
1417 2041 487
1418 2042 227
1419 2043 588
1420 2044 383
1421 2045 383
1422 2046 427
1423 2047 422
1424 2048 422
1425 2049 294
1426 2050 296
1427 2051 296
1428 2052 296
1429 2053 291
1430 2054 291
1431 2055 340
1432 2056 339
1433 2057 339
1434 2058 339
1435 2059 336
1436 2060 336
1437 2061 384
1438 2062 381
1439 2063 381
1440 2064 484
1441 2065 542
1442 2066 542
1443 2067 486
1444 2068 591
1445 2069 591
1446 2070 591
1447 2071 246
1448 2072 246
1449 2073 264
1450 2074 245
1451 2075 245
1452 2076 428
1453 2077 426
1454 2078 426
1455 2079 295
1456 2080 293
1457 2081 293
1458 2082 245
1459 2083 590
1460 2084 590
1461 2085 295
1462 2086 244
1463 2087 244
1464 2088 589
1465 2089 293
1466 2090 293
1467 2091 381
1468 2092 537
1469 2093 537
1470 2094 421
1471 2095 427
1472 2096 427
1473 2097 292
1474 2098 238
1475 2099 238
1476 2100 534
1477 2101 416
1478 2102 416
1479 2103 579
1480 2104 471
1481 2105 471
1482 2106 237
1483 2107 373
1484 2108 373
1485 2109 234
1486 2110 281
1487 2111 281
1488 2112 527
1489 2113 531
1490 2114 531
1491 2115 329
1492 2116 466
1493 2117 466
1494 2118 470
1495 2119 367
1496 2120 367
1497 2121 275
1498 2122 281
1499 2123 281
1500 2124 233
1501 2125 288
1502 2126 288
1503 2127 232
1504 2128 233
1505 2129 233
1506 2130 228
1507 2131 232
1508 2132 232
1509 2133 231
1510 2134 273
1511 2135 273
1512 2136 409
1513 2137 229
1514 2138 229
1515 2139 136
1516 2140 141
1517 2141 399
1518 936 2142
1519 2143 138
1520 2144 518
1521 2145 538
1522 2146 150
1523 2147 150
1524 2149 342
1525 2150 362
1526 2151 388
1527 2152 612
1528 2153 341
1529 2154 612
1530 2155 578
1531 2156 378
1532 2157 157
1533 2158 549
1534 2159 525
1535 2160 195
1536 2161 550
1537 2162 195
1538 2163 532
1539 2164 467
1540 2165 398
1541 2166 467
1542 2167 125
1543 2168 125
1544 2169 126
1545 2170 457
1546 2171 199
1547 2172 623
1548 2173 162
1549 2174 172
1550 228 624
1551 229 625
1552 157 626
1553 230 627
1554 231 628
1555 232 629
1556 233 630
1557 234 631
1558 235 632
1559 236 633
1560 237 634
1561 532 635
1562 238 636
1563 239 637
1564 240 638
1565 241 639
1566 242 640
1567 243 641
1568 244 642
1569 245 643
1570 246 644
1571 247 645
1572 248 646
1573 249 647
1574 250 648
1575 251 649
1576 252 650
1577 253 651
1578 254 652
1579 255 653
1580 256 654
1581 257 655
1582 258 656
1583 259 657
1584 260 658
1585 261 659
1586 262 660
1587 263 661
1588 264 662
1589 266 663
1590 267 664
1591 268 665
1592 269 666
1593 2235 667
1594 270 668
1595 271 669
1596 272 670
1597 273 671
1598 161 672
1599 274 673
1600 275 674
1601 276 675
1602 277 676
1603 278 677
1604 183 678
1605 279 679
1606 280 680
1607 281 681
1608 282 682
1609 283 683
1610 467 684
1611 284 685
1612 285 686
1613 286 687
1614 287 688
1615 288 689
1616 289 690
1617 290 691
1618 291 692
1619 292 693
1620 293 694
1621 294 695
1622 295 696
1623 296 697
1624 297 698
1625 298 699
1626 299 700
1627 300 701
1628 301 702
1629 302 703
1630 303 704
1631 304 705
1632 305 706
1633 306 707
1634 307 708
1635 308 709
1636 309 710
1637 310 711
1638 311 712
1639 312 713
1640 313 714
1641 314 715
1642 315 716
1643 316 717
1644 317 718
1645 318 719
1646 393 720
1647 320 721
1648 2185 159
1649 322 722
1650 487 723
1651 323 724
1652 227 725
1653 324 726
1654 383 727
1655 325 728
1656 178 2034
1657 327 729
1658 328 730
1659 329 731
1660 330 732
1661 331 733
1662 598 734
1663 183 735
1664 333 736
1665 334 737
1666 335 738
1667 336 739
1668 337 740
1669 338 741
1670 339 742
1671 340 743
1672 341 744
1673 342 745
1674 343 746
1675 344 747
1676 345 748
1677 346 749
1678 348 750
1679 349 751
1680 350 752
1681 351 753
1682 352 754
1683 353 755
1684 354 756
1685 355 757
1686 2209 356
1687 357 758
1688 358 759
1689 359 760
1690 360 761
1691 361 762
1692 454 763
1693 224 362
1694 363 188
1695 364 764
1696 327 765
1697 247 766
1698 365 767
1699 366 768
1700 2222 2219
1701 367 770
1702 368 771
1703 369 772
1704 370 773
1705 371 774
1706 372 775
1707 373 776
1708 374 777
1709 375 778
1710 376 779
1711 378 781
1712 379 782
1713 380 783
1714 381 784
1715 383 785
1716 384 786
1717 385 787
1718 386 788
1719 387 789
1720 388 790
1721 389 791
1722 390 792
1723 391 793
1724 392 794
1725 393 795
1726 394 796
1727 395 797
1728 396 798
1729 397 799
1730 398 800
1731 399 801
1732 400 802
1733 401 803
1734 402 804
1735 2208 221
1736 404 805
1737 405 806
1738 612 807
1739 406 808
1740 407 809
1741 408 810
1742 388 812
1743 227 813
1744 409 815
1745 410 816
1746 411 817
1747 412 818
1748 413 819
1749 414 820
1750 415 821
1751 416 822
1752 417 823
1753 418 824
1754 419 825
1755 421 826
1756 422 827
1757 423 828
1758 207 208
1759 424 829
1760 425 830
1761 426 831
1762 427 832
1763 428 833
1764 614 937
1765 430 834
1766 431 835
1767 432 836
1768 433 837
1769 434 838
1770 435 839
1771 436 840
1772 437 841
1773 438 842
1774 440 843
1775 441 844
1776 443 845
1777 444 846
1778 445 847
1779 446 848
1780 447 849
1781 448 850
1782 449 851
1783 450 852
1784 451 853
1785 452 854
1786 453 855
1787 454 856
1788 455 857
1789 456 858
1790 146 1317
1791 459 859
1792 460 860
1793 461 861
1794 544 862
1795 462 863
1796 463 864
1797 464 865
1798 465 866
1799 466 867
1800 468 868
1801 469 869
1802 470 870
1803 353 871
1804 471 872
1805 472 873
1806 473 874
1807 330 875
1808 475 876
1809 476 877
1810 477 878
1811 478 879
1812 479 880
1813 780 1928
1814 481 882
1815 482 883
1816 483 884
1817 484 885
1818 485 886
1819 486 887
1820 487 888
1821 488 889
1822 489 890
1823 490 891
1824 491 892
1825 492 893
1826 493 894
1827 494 895
1828 495 896
1829 496 897
1830 497 898
1831 498 899
1832 499 900
1833 500 901
1834 501 902
1835 502 903
1836 503 904
1837 504 905
1838 505 906
1839 506 907
1840 507 908
1841 508 909
1842 509 910
1843 510 911
1844 511 912
1845 512 913
1846 513 914
1847 514 915
1848 515 916
1849 516 917
1850 517 918
1851 518 919
1852 387 920
1853 520 921
1854 521 922
1855 136 923
1856 522 924
1857 523 925
1858 524 926
1859 525 927
1860 526 928
1861 95 929
1862 467 930
1863 527 931
1864 528 932
1865 186 187
1866 529 933
1867 530 934
1868 531 935
1869 1724 201
1870 566 936
1871 533 937
1872 534 938
1873 535 939
1874 536 940
1875 537 941
1876 538 942
1877 539 943
1878 540 944
1879 541 945
1880 542 946
1881 543 947
1882 544 948
1883 545 949
1884 546 950
1885 547 951
1886 548 952
1887 549 953
1888 550 954
1889 551 955
1890 552 956
1891 553 957
1892 554 958
1893 555 959
1894 556 960
1895 557 961
1896 558 962
1897 559 963
1898 560 964
1899 561 965
1900 562 966
1901 563 967
1902 564 968
1903 565 969
1904 2193 129
1905 143 224
1906 567 970
1907 459 971
1908 568 972
1909 569 973
1910 570 974
1911 571 975
1912 573 976
1913 173 2187
1914 574 977
1915 575 978
1916 576 979
1917 577 980
1918 578 189
1919 579 981
1920 580 982
1921 582 983
1922 583 984
1923 584 985
1924 585 986
1925 586 987
1926 587 988
1927 588 989
1928 589 990
1929 590 991
1930 591 992
1931 592 993
1932 593 994
1933 594 995
1934 595 996
1935 596 997
1936 597 998
1937 598 999
1938 599 1000
1939 600 1001
1940 216 1002
1941 601 1003
1942 602 1004
1943 603 1005
1944 604 1006
1945 605 1007
1946 606 1008
1947 607 1009
1948 608 1010
1949 609 1011
1950 98 1012
1951 610 1013
1952 611 1014
1953 613 1015
1954 2181 151
1955 227 1016
1956 225 1017
1957 136 1018
1958 77 1019
1959 0 1020
1960 0 1021
1961 2188 462
1962 55 1022
1963 16 1023
1964 0 1024
1965 0 1025
1966 34 1026
1967 5 1027
1968 116 1028
1969 39 1029
1970 525 184
1971 5 1031
1972 55 1032
1973 5 1033
1974 72 1034
1975 31 1035
1976 64 1036
1977 72 1037
1978 72 1038
1979 80 1039
1980 64 1040
1981 72 1041
1982 88 1042
1983 88 1043
1984 64 1044
1985 96 1045
1986 96 1046
1987 39 1047
1988 56 1048
1989 34 1049
1990 56 1050
1991 11 1051
1992 39 1052
1993 112 1053
1994 34 1054
1995 120 1055
1996 16 1056
1997 79 1057
1998 1586 217
1999 33 1058
2000 117 1059
2001 17 1060
2002 47 1061
2003 141 1062
2004 22 1063
2005 160 165
2006 11 1064
2007 25 1065
2008 1 1066
2009 2187 174
2010 11 1067
2011 1 1068
2012 11 1069
2013 25 1070
2014 60 1071
2015 30 1072
2016 38 1073
2017 1 1074
2018 1 1075
2019 40 1076
2020 574 1077
2021 20 1078
2022 45 1079
2023 50 1080
2024 50 1081
2025 0 1082
2026 6 1083
2027 50 1084
2028 65 1085
2029 57 1086
2030 73 1087
2031 65 1088
2032 73 1089
2033 65 1090
2034 5 1091
2035 73 1092
2036 57 1093
2037 89 1094
2038 65 1095
2039 97 1096
2040 45 1097
2041 15 1098
2042 57 1099
2043 40 1100
2044 50 1101
2045 105 1102
2046 30 1103
2047 30 1104
2048 25 1105
2049 45 1106
2050 40 1107
2051 30 1108
2052 30 1109
2053 25 1110
2054 25 1111
2055 11 1112
2056 6 1113
2057 142 1114
2058 122 1115
2059 158 321
2060 50 1116
2061 75 1117
2062 5 1118
2063 572 168
2064 12 1119
2065 83 1120
2066 164 2183
2067 23 1121
2068 199 1722
2069 63 1122
2070 184 1123
2071 35 1124
2072 26 1125
2073 107 1126
2074 31 1127
2075 107 1128
2076 184 1324
2077 33 1129
2078 58 1130
2079 33 1131
2080 66 1132
2081 58 1133
2082 74 1134
2083 66 1135
2084 66 1136
2085 74 1137
2086 74 1138
2087 58 1139
2088 35 1140
2089 35 1141
2090 66 1142
2091 347 27
2092 58 1143
2093 51 1144
2094 31 1145
2095 26 1146
2096 17 1147
2097 35 1148
2098 114 1149
2099 54 1150
2100 429 970
2101 26 1151
2102 12 1152
2103 12 1153
2104 12 1154
2105 122 1155
2106 620 1156
2107 74 1157
2108 180 363
2109 16 1158
2110 82 1159
2111 21 1160
2112 2 1161
2113 62 1162
2114 2 1163
2115 35 1164
2116 21 1165
2117 2 1166
2118 21 1167
2119 2180 181
2120 21 1168
2121 2 1169
2122 18 1170
2123 41 1171
2124 2 1172
2125 7 1173
2126 36 1174
2127 51 1175
2128 67 1176
2129 75 1177
2130 67 1178
2131 114 1179
2132 75 1180
2133 83 1181
2134 83 1182
2135 59 1183
2136 36 1184
2137 91 1185
2138 91 1186
2139 46 1187
2140 46 1188
2141 99 1189
2142 41 1190
2143 70 1191
2144 107 1192
2145 46 1193
2146 41 1194
2147 41 1195
2148 36 1196
2149 2213 403
2150 21 1197
2151 123 1198
2152 130 2215
2153 99 1199
2154 32 1200
2155 41 1201
2156 46 408
2157 389 1203
2158 152 1204
2159 75 1205
2160 161 1206
2161 13 1207
2162 3 1208
2163 13 1209
2164 29 1210
2165 27 1211
2166 37 1212
2167 8 1213
2168 47 1214
2169 52 1215
2170 8 1216
2171 60 1217
2172 8 1218
2173 8 1219
2174 68 1220
2175 68 1221
2176 68 1222
2177 76 1223
2178 8 1224
2179 76 1225
2180 221 1226
2181 84 1227
2182 68 1228
2183 68 1229
2184 92 1230
2185 52 1231
2186 56 1232
2187 60 1233
2188 67 1234
2189 100 1235
2190 52 1236
2191 47 1237
2192 219 1238
2193 18 1239
2194 18 1240
2195 14 1241
2196 27 1242
2197 116 1243
2198 116 1244
2199 22 1245
2200 22 1246
2201 18 1247
2202 13 1248
2203 18 1249
2204 60 1250
2205 110 1251
2206 60 1252
2207 147 1253
2208 142 1254
2209 76 1255
2210 1159 166
2211 24 1256
2212 2186 163
2213 14 1257
2214 84 1258
2215 84 1259
2216 2176 176
2217 56 1260
2218 3 1261
2219 56 1262
2220 3 1263
2221 47 1264
2222 32 1265
2223 37 1266
2224 19 1267
2225 216 1268
2226 3 1269
2227 3 1270
2228 48 1271
2229 566 1272
2230 53 1273
2231 32 1274
2232 42 1275
2233 37 1276
2234 61 1277
2235 92 1278
2236 69 1279
2237 22 1280
2238 77 1281
2239 77 1282
2240 77 1283
2241 77 1284
2242 61 1285
2243 61 1286
2244 69 1287
2245 69 1288
2246 69 1289
2247 69 1290
2248 53 1291
2249 53 1292
2250 61 1293
2251 48 1294
2252 61 1295
2253 37 1296
2254 42 1297
2255 32 1298
2256 53 1299
2257 53 1300
2258 1 1301
2259 48 1302
2260 109 1303
2261 37 1304
2262 19 1305
2263 32 1306
2264 117 1307
2265 19 1308
2266 14 1309
2267 12 1310
2268 72 1311
2269 24 1312
2270 51 1313
2271 99 1314
2272 136 1315
2273 109 1316
2274 197 1030
2275 85 1317
2276 85 1318
2277 52 1319
2278 17 1320
2279 2211 152
2280 155 1018
2281 42 1321
2282 29 1322
2283 166 169
2284 115 1323
2285 95 1324
2286 23 1325
2287 441 1326
2288 4 1327
2289 9 1328
2290 189 1329
2291 9 1330
2292 49 1331
2293 43 1332
2294 4 1333
2295 49 1334
2296 108 1335
2297 14 1336
2298 4 1337
2299 16 1338
2300 9 1339
2301 734 201
2302 9 1340
2303 59 1341
2304 9 1342
2305 105 1343
2306 4 1344
2307 78 1345
2308 78 1346
2309 62 1347
2310 86 1348
2311 215 1349
2312 70 1350
2313 17 1351
2314 54 1352
2315 94 1353
2316 62 1354
2317 43 1355
2318 43 1356
2319 38 1357
2320 38 1358
2321 102 1359
2322 102 1360
2323 54 1361
2324 20 1362
2325 43 1363
2326 38 1364
2327 38 1365
2328 33 1366
2329 33 1367
2330 28 1368
2331 23 1369
2332 43 1370
2333 223 2154
2334 137 138
2335 538 1371
2336 15 1372
2337 151 1373
2338 86 1374
2339 86 1375
2340 178 1376
2341 51 1377
2342 51 1378
2343 4 1379
2344 15 1380
2345 157 177
2346 94 1381
2347 29 1382
2348 20 1383
2349 24 1384
2350 62 1385
2351 193 198
2352 44 1386
2353 55 1387
2354 63 1388
2355 10 1389
2356 55 1390
2357 71 1391
2358 10 1392
2359 10 1393
2360 10 1394
2361 10 1395
2362 71 1396
2363 79 1397
2364 71 1398
2365 66 1399
2366 63 1400
2367 49 1401
2368 49 1402
2369 103 1403
2370 49 1404
2371 44 1405
2372 24 1406
2373 115 1407
2374 111 1408
2375 111 1409
2376 20 1410
2377 29 1411
2378 119 1412
2379 119 1413
2380 15 1414
2381 15 1415
2382 13 1416
2383 128 1417
2384 44 1418
2385 212 1419
2386 83 1420
2387 22 1421
2388 2190 154
2389 149 1422
2390 150 1423
2391 158 1424
2392 2193 128
2393 139 811
2394 811 1425
2395 2234 1426
2396 193 194
2397 2182 149
2398 99 1427
2399 156 1428
2400 456 1429
2401 226 1430
2402 226 1431
2403 188 1432
2404 191 1433
2405 196 2161
2406 535 1434
2407 535 1435
2408 504 1436
2409 521 1437
2410 521 1438
2411 535 1439
2412 608 1440
2413 608 1441
2414 263 1442
2415 405 1443
2416 405 1444
2417 608 1445
2418 512 1446
2419 512 1447
2420 607 1448
2421 452 1449
2422 452 1450
2423 512 1451
2424 453 1452
2425 453 1453
2426 268 1454
2427 451 1455
2428 451 1456
2429 453 1457
2430 320 1458
2431 320 1459
2432 361 1460
2433 360 1461
2434 360 1462
2435 320 1463
2436 511 1464
2437 511 1465
2438 374 1466
2439 274 1467
2440 274 1468
2441 511 1469
2442 324 1470
2443 324 1471
2444 513 1472
2445 271 1473
2446 271 1474
2447 318 1475
2448 366 1476
2449 366 1477
2450 367 1478
2451 533 1479
2452 533 1480
2453 288 1481
2454 614 1482
2455 614 1483
2456 533 1484
2457 615 1485
2458 304 1486
2459 615 1487
2460 461 1488
2461 429 1489
2462 429 1490
2463 304 1491
2464 567 1492
2465 567 1493
2466 573 1494
2467 616 1495
2468 231 1496
2469 616 1497
2470 364 1498
2471 442 1499
2472 442 1500
2473 558 1501
2474 276 1502
2475 276 1503
2476 370 1504
2477 577 1505
2478 577 1506
2479 276 1507
2480 359 1508
2481 359 1509
2482 258 1510
2483 262 1511
2484 262 1512
2485 359 1513
2486 609 1514
2487 609 1515
2488 358 1516
2489 565 1517
2490 565 1518
2491 609 1519
2492 317 1520
2493 317 1521
2494 460 1522
2495 316 1523
2496 316 1524
2497 317 1525
2498 605 1526
2499 605 1527
2500 606 1528
2501 449 1529
2502 449 1530
2503 605 1531
2504 357 1532
2505 357 1533
2506 277 1534
2507 371 1535
2508 371 1536
2509 357 1537
2510 483 1538
2511 483 1539
2512 450 1540
2513 369 1541
2514 369 1542
2515 365 1543
2516 464 1544
2517 464 1545
2518 466 1546
2519 372 1547
2520 372 1548
2521 410 1549
2522 604 1550
2523 604 1551
2524 372 1552
2525 270 1553
2526 270 1554
2527 404 1555
2528 510 1556
2529 510 1557
2530 270 1558
2531 613 1559
2532 613 1560
2533 483 1561
2534 325 1562
2535 325 1563
2536 526 1564
2537 315 1565
2538 315 1566
2539 575 1567
2540 314 1568
2541 314 1569
2542 315 1570
2543 447 1571
2544 447 1572
2545 448 1573
2546 236 1574
2547 236 1575
2548 447 1576
2549 242 1577
2550 242 1578
2551 279 1579
2552 242 1580
2553 242 1581
2554 446 1582
2555 519 1583
2556 519 1584
2557 267 1585
2558 617 1586
2559 236 1587
2560 617 1588
2561 446 1589
2562 527 1590
2563 527 1591
2564 413 1592
2565 611 1593
2566 611 1594
2567 541 1595
2568 603 1596
2569 603 1597
2570 261 1598
2571 261 1599
2572 603 1600
2573 458 787
2574 368 1602
2575 368 1603
2576 524 1604
2577 524 1605
2578 354 1606
2579 562 1607
2580 562 1608
2581 354 1609
2582 402 1610
2583 402 1611
2584 328 1612
2585 468 1613
2586 468 1614
2587 402 1615
2588 563 1616
2589 563 1617
2590 261 1618
2591 406 1619
2592 406 1620
2593 509 1621
2594 528 1622
2595 528 1623
2596 529 1624
2597 547 1625
2598 547 1626
2599 282 1627
2600 313 1628
2601 313 1629
2602 547 1630
2603 444 1631
2604 444 1632
2605 352 1633
2606 260 1634
2607 260 1635
2608 444 1636
2609 508 1637
2610 508 1638
2611 443 1639
2612 259 1640
2613 259 1641
2614 508 1642
2615 401 1643
2616 401 1644
2617 283 1645
2618 400 1646
2619 400 1647
2620 401 1648
2621 601 1649
2622 601 1650
2623 602 1651
2624 560 1652
2625 560 1653
2626 601 1654
2627 522 1655
2628 522 1656
2629 375 1657
2630 414 1658
2631 414 1659
2632 522 1660
2633 280 1661
2634 280 1662
2635 561 1663
2636 469 1664
2637 469 1665
2638 507 1666
2639 297 1667
2640 297 1668
2641 235 1669
2642 515 1670
2643 515 1671
2644 376 1672
2645 312 1673
2646 312 1674
2647 515 1675
2648 272 1676
2649 272 1677
2650 600 1678
2651 506 1679
2652 506 1680
2653 272 1681
2654 351 1682
2655 351 1683
2656 311 1684
2657 599 1685
2658 599 1686
2659 351 1687
2660 285 1688
2661 285 1689
2662 312 1690
2663 518 1691
2664 518 1692
2665 455 1693
2666 46 1694
2667 559 1695
2668 559 1696
2669 599 1697
2670 523 1698
2671 523 1699
2672 472 1700
2673 505 1701
2674 505 1702
2675 523 1703
2676 310 1704
2677 310 1705
2678 412 1706
2679 398 1707
2680 398 1708
2681 310 1709
2682 350 1710
2683 350 1711
2684 309 1712
2685 441 1713
2686 441 1714
2687 350 1715
2688 473 1716
2689 473 1717
2690 505 1718
2691 330 1719
2692 332 1720
2693 532 1721
2694 332 1722
2695 559 1723
2696 532 1724
2697 534 1725
2698 534 1726
2699 541 1727
2700 618 1728
2701 440 1729
2702 618 1730
2703 420 1731
2704 417 1732
2705 417 1733
2706 440 1734
2707 503 1735
2708 503 1736
2709 308 1737
2710 619 1738
2711 540 1739
2712 619 1740
2713 540 1742
2714 540 1743
2715 380 1744
2716 557 1745
2717 557 1746
2718 475 1747
2719 287 1748
2720 287 1749
2721 557 1750
2722 516 1751
2723 286 1752
2724 286 1753
2725 307 1754
2726 415 1755
2727 415 1756
2728 418 1757
2729 476 1758
2730 476 1759
2731 536 1760
2732 239 1761
2733 239 1762
2734 476 1763
2735 335 1764
2736 335 1765
2737 501 1766
2738 597 1767
2739 597 1768
2740 335 1769
2741 256 1770
2742 256 1771
2743 333 1772
2744 306 1773
2745 306 1774
2746 256 1775
2747 257 1776
2748 257 1777
2749 580 1778
2750 255 1779
2751 255 1780
2752 257 1781
2753 555 1782
2754 555 1783
2755 556 1784
2756 396 1785
2757 396 1786
2758 555 1787
2759 305 1788
2760 305 1789
2761 435 1790
2762 477 1791
2763 477 1792
2764 305 1793
2765 283 1794
2766 283 1795
2767 407 1796
2768 375 1797
2769 375 1798
2770 500 1799
2771 235 1800
2772 235 1801
2773 238 1802
2774 478 1803
2775 478 1804
2776 323 1805
2777 478 1806
2778 478 1807
2779 499 1808
2780 554 1809
2781 554 1810
2782 499 1811
2783 438 1812
2784 438 1813
2785 554 1814
2786 254 1815
2787 254 1816
2788 553 1817
2789 303 1818
2790 303 1819
2791 254 1820
2792 334 1821
2793 334 1822
2794 348 1823
2795 395 1824
2796 395 1825
2797 395 1826
2798 438 1827
2799 517 1828
2800 517 1829
2801 394 1830
2802 99 1831
2803 226 1832
2804 394 1833
2805 394 1834
2806 303 1835
2807 289 1836
2808 454 1837
2809 436 1838
2810 289 1839
2811 620 1840
2812 454 1841
2813 552 1842
2814 552 1843
2815 551 1844
2816 610 1845
2817 610 1846
2818 551 1847
2819 497 1848
2820 497 1849
2821 610 1850
2822 436 1851
2823 436 1852
2824 498 1853
2825 498 1854
2826 498 1855
2827 253 1856
2828 252 1857
2829 252 1858
2830 253 1859
2831 252 1860
2832 252 1861
2833 596 1862
2834 496 1863
2835 496 1864
2836 550 1865
2837 497 1866
2838 497 1867
2839 473 1868
2840 269 1869
2841 269 1870
2842 416 1871
2843 574 1872
2844 574 1873
2845 594 1874
2846 549 1875
2847 549 1876
2848 495 1877
2849 594 1878
2850 594 1879
2851 251 1880
2852 251 1881
2853 251 1882
2854 548 1883
2855 434 1884
2856 434 1885
2857 417 1886
2858 475 1887
2859 475 1888
2860 548 1889
2861 355 1890
2862 355 1891
2863 418 1892
2864 290 1893
2865 290 1894
2866 422 1895
2867 301 1896
2868 301 1897
2869 290 1898
2870 570 1899
2871 570 1900
2872 322 1901
2873 433 1902
2874 433 1903
2875 570 1904
2876 481 1907
2877 346 1908
2878 346 1909
2879 291 1910
2880 593 1911
2881 593 1912
2882 346 1913
2883 391 1914
2884 391 1915
2885 392 1916
2886 344 1917
2887 344 1918
2888 391 1919
2889 437 1920
2890 437 1921
2891 336 1922
2892 379 1923
2893 379 1924
2894 437 1925
2895 622 1926
2896 480 1927
2897 204 2191
2898 2239 2242
2899 328 1930
2900 328 1931
2901 390 1932
2902 529 1933
2903 529 1934
2904 537 1935
2905 584 1936
2906 584 1937
2907 539 1938
2908 592 1939
2909 592 1940
2910 584 1941
2911 465 1942
2912 465 1943
2913 230 1944
2914 300 1945
2915 300 1946
2916 465 1947
2917 299 1948
2918 299 1949
2919 463 1950
2920 546 1951
2921 546 1952
2922 299 1953
2923 514 1954
2924 514 1955
2925 585 1956
2926 248 1957
2927 248 1958
2928 514 1959
2929 249 1960
2930 249 1961
2931 250 1962
2932 492 1963
2933 492 1964
2934 249 1965
2935 298 1966
2936 298 1967
2937 241 1968
2938 424 1969
2939 424 1970
2940 298 1971
2941 482 1972
2942 482 1973
2943 493 1974
2944 423 1975
2945 423 1976
2946 432 1977
2947 583 1978
2948 583 1979
2949 586 1980
2950 240 1981
2951 240 1982
2952 323 1983
2953 397 1984
2954 397 1985
2955 337 1986
2956 343 1987
2957 343 1988
2958 334 1989
2959 59 1990
2960 59 1991
2961 482 1992
2962 482 1993
2963 397 1994
2964 490 1995
2965 490 1996
2966 491 1997
2967 423 1998
2968 423 1999
2969 490 2000
2970 425 2001
2971 425 2002
2972 431 2003
2973 587 2004
2974 587 2005
2975 583 2006
2976 278 2007
2977 278 2008
2978 278 2009
2979 419 2010
2980 489 2011
2981 489 2012
2982 488 2013
2983 488 2014
2984 488 2015
2985 479 2016
2986 387 2017
2987 387 2018
2988 388 2019
2989 386 2020
2990 386 2021
2991 338 2022
2992 387 2023
2993 161 2024
2994 171 2025
2995 588 2026
2996 588 2027
2997 587 2028
2998 321 2029
2999 321 2030
3000 247 2031
3001 247 2032
3002 243 2033
3003 568 2034
3004 327 2035
3005 572 2184
3006 227 2037
3007 386 2038
3008 543 2039
3009 543 2040
3010 484 2041
3011 459 2042
3012 589 2043
3013 589 2044
3014 588 2045
3015 294 2046
3016 294 2047
3017 427 2048
3018 542 2049
3019 542 2050
3020 294 2051
3021 340 2052
3022 340 2053
3023 296 2054
3024 246 2055
3025 246 2056
3026 340 2057
3027 384 2058
3028 384 2059
3029 339 2060
3030 590 2061
3031 590 2062
3032 384 2063
3033 486 2064
3034 486 2065
3035 484 2066
3036 485 2067
3037 485 2068
3038 486 2069
3039 264 2070
3040 264 2071
3041 591 2072
3042 244 2073
3043 244 2074
3044 264 2075
3045 485 2076
3046 485 2077
3047 428 2078
3048 428 2079
3049 428 2080
3050 295 2081
3051 585 2082
3052 585 2083
3053 245 2084
3054 241 2085
3055 241 2086
3056 295 2087
3057 586 2088
3058 586 2089
3059 589 2090
3060 539 2091
3061 539 2092
3062 381 2093
3063 243 2094
3064 243 2095
3065 421 2096
3066 2218 457
3067 240 2097
3068 240 2098
3069 292 2099
3070 531 2100
3071 531 2101
3072 534 2102
3073 472 2103
3074 472 2104
3075 579 2105
3076 376 2106
3077 376 2107
3078 237 2108
3079 282 2109
3080 282 2110
3081 234 2111
3082 331 2112
3083 331 2113
3084 527 2114
3085 471 2115
3086 471 2116
3087 329 2117
3088 373 2118
3089 373 2119
3090 470 2120
3091 576 2121
3092 576 2122
3093 275 2123
3094 439 2124
3095 439 2125
3096 233 2126
3097 526 2127
3098 526 2128
3099 232 2129
3100 411 2130
3101 411 2131
3102 228 2132
3103 275 2133
3104 275 2134
3105 231 2135
3106 228 2136
3107 228 2137
3108 409 2138
3109 225 2139
3110 6 2140
3111 455 2141
3112 1272 919
3113 455 2143
3114 559 2144
3115 1202 134
3116 226 2145
3117 389 2146
3118 87 2147
3119 545 2148
3120 148 2149
3121 342 2150
3122 612 2151
3123 341 2152
3124 362 2153
3125 362 2154
3126 550 2155
3127 578 2156
3128 378 2157
3129 574 2158
3130 549 2159
3131 96 2160
3132 195 2161
3133 595 2162
3134 398 2163
3135 269 2164
3136 332 2165
3137 441 2166
3138 552 2167
3139 43 2168
3140 2178 125
3141 552 2169
3142 278 2170
3143 332 2171
3144 195 196
3145 192 195
3146 319 2172
3147 168 2221
3148 168 169
3149 160 2173
3150 2183 161
3151 170 2174
3152 63 326
3153 725 2042
3154 725 859
3155 2042 859
3156 180 2226
3157 178 180
3158 1376 2034
3159 983 1040
3160 983 766
3161 1040 766
3162 172 163
3163 166 82
3164 727 2024
3165 727 672
3166 2024 672
3167 2175 859
3168 1206 2175
3169 2175 2173
3170 672 2175
3171 2024 1177
3172 2024 1205
3173 1177 1205
3174 170 171
3175 920 2176
3176 2176 863
3177 2023 2176
3178 2177 862
3179 2177 177
3180 173 175
3181 626 2177
3182 2169 1840
3183 2169 1156
3184 1840 1156
3185 1840 956
3186 1840 1012
3187 956 1012
3188 1113 623
3189 2169 2178
3190 127 125
3191 2167 2178
3192 2179 474
3193 1721 2179
3194 474 199
3195 1724 2179
3196 197 875
3197 2171 1722
3198 199 197
3199 735 1030
3200 735 684
3201 1030 684
3202 930 1326
3203 930 2166
3204 1326 2166
3205 734 635
3206 734 1724
3207 635 1724
3208 1720 2163
3209 1720 2165
3210 2163 2165
3211 1721 1720
3212 1721 1722
3213 1720 1722
3214 2171 1719
3215 2171 875
3216 1719 875
3217 2164 678
3218 2164 735
3219 678 735
3220 1264 1061
3221 1264 2164
3222 1061 2164
3223 2180 927
3224 977 2180
3225 927 181
3226 1077 2180
3227 2159 2158
3228 2159 1077
3229 2158 1077
3230 1353 1381
3231 1353 2158
3232 1381 2158
3233 144 2154
3234 223 144
3235 2148 149
3236 150 154
3237 807 812
3238 807 2151
3239 812 2151
3240 954 2160
3241 954 2161
3242 2160 2161
3243 2152 2153
3244 2152 2154
3245 2153 2154
3246 1137 1157
3247 1137 2153
3248 1157 2153
3249 812 1317
3250 812 790
3251 1317 790
3252 2025 2174
3253 2150 2149
3254 1157 1138
3255 1157 2150
3256 1138 2150
3257 2181 2148
3258 1373 2181
3259 153 2194
3260 1423 2181
3261 2182 1375
3262 2148 2182
3263 151 149
3264 1348 2182
3265 797 1371
3266 797 942
3267 1371 942
3268 1272 2144
3269 1272 1723
3270 2144 1723
3271 1193 408
3272 1370 2168
3273 1018 1428
3274 1018 2139
3275 1428 2139
3276 1315 2139
3277 1315 1017
3278 2139 1017
3279 1017 1427
3280 1017 1199
3281 1427 1199
3282 2138 815
3283 2138 625
3284 815 625
3285 2136 2138
3286 2136 2137
3287 2138 2137
3288 624 1207
3289 624 2136
3290 1207 2136
3291 2135 1023
3292 2135 671
3293 1023 671
3294 2133 2135
3295 2133 2134
3296 2135 2134
3297 674 628
3298 674 2133
3299 628 2133
3300 2132 1020
3301 2132 1024
3302 1020 1024
3303 2130 2132
3304 2130 2131
3305 2132 2131
3306 1209 624
3307 1209 2130
3308 624 2130
3309 2129 1024
3310 2129 1025
3311 1024 1025
3312 2127 2129
3313 2127 2128
3314 2129 2128
3315 1325 629
3316 1325 2127
3317 629 2127
3318 2126 1025
3319 2126 1082
3320 1025 1082
3321 2124 2126
3322 2124 2125
3323 2126 2125
3324 519 1368
3325 519 664
3326 630 2124
3327 2123 1068
3328 2123 1074
3329 1068 1074
3330 2121 2123
3331 2121 2122
3332 2123 2122
3333 1383 674
3334 1383 2121
3335 674 2121
3336 2120 1267
3337 2120 770
3338 1267 770
3339 2118 2120
3340 2118 2119
3341 2120 2119
3342 776 870
3343 776 2118
3344 870 2118
3345 2117 1125
3346 2117 867
3347 1125 867
3348 2115 2117
3349 2115 2116
3350 2117 2116
3351 872 731
3352 872 2115
3353 731 2115
3354 2114 1327
3355 2114 1333
3356 1327 1333
3357 2112 2114
3358 2112 2113
3359 2114 2113
3360 1127 931
3361 1127 2112
3362 931 2112
3363 2111 1026
3364 2111 681
3365 1026 681
3366 2109 2111
3367 2109 2110
3368 2111 2110
3369 682 631
3370 682 2109
3371 631 2109
3372 2108 1029
3373 2108 776
3374 1029 776
3375 2106 2108
3376 2106 2107
3377 2108 2107
3378 779 634
3379 779 2106
3380 634 2106
3381 2105 1386
3382 2105 872
3383 1386 872
3384 2103 2105
3385 2103 2104
3386 2105 2104
3387 873 981
3388 873 2103
3389 981 2103
3390 2102 938
3391 2102 822
3392 938 822
3393 2100 2102
3394 2100 2101
3395 2102 2101
3396 1333 1337
3397 1333 2100
3398 1337 2100
3399 2099 1086
3400 2099 636
3401 1086 636
3402 2097 2099
3403 2097 2098
3404 2099 2098
3405 638 693
3406 638 2097
3407 693 2097
3408 2096 1218
3409 2096 1224
3410 1218 1224
3411 2094 2096
3412 2094 2095
3413 2096 2095
3414 1036 826
3415 1036 2094
3416 826 2094
3417 2093 1176
3418 2093 941
3419 1176 941
3420 2091 2093
3421 2091 2092
3422 2093 2092
3423 943 784
3424 943 2091
3425 784 2091
3426 2090 990
3427 2090 694
3428 990 694
3429 2088 2090
3430 2088 2089
3431 2090 2089
3432 1392 1395
3433 1392 2088
3434 1395 2088
3435 2087 696
3436 2087 642
3437 696 642
3438 2085 2087
3439 2085 2086
3440 2087 2086
3441 639 1089
3442 639 2085
3443 1089 2085
3444 2084 643
3445 2084 991
3446 643 991
3447 2082 2084
3448 2082 2083
3449 2084 2083
3450 986 1038
3451 986 2082
3452 1038 2082
3453 2081 1089
3454 2081 1087
3455 1089 1087
3456 2079 2081
3457 2079 2080
3458 2081 2080
3459 833 696
3460 833 2079
3461 696 2079
3462 2078 1225
3463 2078 1223
3464 1225 1223
3465 2076 2078
3466 2076 2077
3467 2078 2077
3468 886 833
3469 886 2076
3470 833 2076
3471 2075 662
3472 2075 643
3473 662 643
3474 2073 2075
3475 2073 2074
3476 2075 2074
3477 642 1057
3478 642 2073
3479 1057 2073
3480 2072 992
3481 2072 644
3482 992 644
3483 2070 2072
3484 2070 2071
3485 2072 2071
3486 1057 1397
3487 1057 2070
3488 1397 2070
3489 2069 887
3490 2069 992
3491 887 992
3492 2067 2069
3493 2067 2068
3494 2069 2068
3495 1282 1283
3496 1282 2067
3497 1283 2067
3498 2066 885
3499 2066 1345
3500 885 1345
3501 2064 2066
3502 2064 2065
3503 2066 2065
3504 1283 1281
3505 1283 2064
3506 1281 2064
3507 2063 1178
3508 2063 1176
3509 1178 1176
3510 2061 2063
3511 2061 2062
3512 2063 2062
3513 991 786
3514 991 2061
3515 786 2061
3516 2060 1135
3517 2060 1132
3518 1135 1132
3519 2058 2060
3520 2058 2059
3521 2060 2059
3522 786 742
3523 786 2058
3524 742 2058
3525 2057 1136
3526 2057 1135
3527 1136 1135
3528 2055 2057
3529 2055 2056
3530 2057 2056
3531 644 743
3532 644 2055
3533 743 2055
3534 2054 1090
3535 2054 1085
3536 1090 1085
3537 2052 2054
3538 2052 2053
3539 2054 2053
3540 743 697
3541 743 2052
3542 697 2052
3543 2051 1088
3544 2051 1090
3545 1088 1090
3546 2049 2051
3547 2049 2050
3548 2051 2050
3549 1345 695
3550 1345 2049
3551 695 2049
3552 2048 1224
3553 2048 1219
3554 1224 1219
3555 2046 2048
3556 2046 2047
3557 2048 2047
3558 695 832
3559 695 2046
3560 832 2046
3561 2045 989
3562 2045 1177
3563 989 1177
3564 2043 2045
3565 2043 2044
3566 2045 2044
3567 1395 1394
3568 1395 2043
3569 1394 2043
3570 1016 971
3571 1016 2042
3572 971 2042
3573 2041 1281
3574 2041 1284
3575 1281 1284
3576 2039 2041
3577 2039 2040
3578 2041 2040
3579 1346 885
3580 1346 2039
3581 885 2039
3582 723 813
3583 723 2037
3584 813 2037
3585 2183 1205
3586 161 164
3587 165 167
3588 1117 2183
3589 168 2036
3590 362 143
3591 168 814
3592 2174 2038
3593 82 169
3594 2033 641
3595 2033 1346
3596 641 1346
3597 2031 2033
3598 2031 2032
3599 2033 2032
3600 1040 1036
3601 1040 2031
3602 1036 2031
3603 188 2226
3604 187 188
3605 186 568
3606 2184 814
3607 2184 1388
3608 63 2210
3609 2185 2157
3610 157 159
3611 2030 2185
3612 2028 988
3613 2028 1134
3614 988 1134
3615 2026 2028
3616 2026 2027
3617 2028 2027
3618 1394 1393
3619 1394 2026
3620 1393 2026
3621 2186 1117
3622 2038 2186
3623 163 164
3624 1180 2186
3625 2022 1134
3626 2022 1137
3627 1134 1137
3628 2020 2022
3629 2020 2021
3630 2022 2021
3631 1180 741
3632 1180 2020
3633 741 2020
3634 2019 790
3635 2019 834
3636 790 834
3637 2017 2019
3638 2017 2018
3639 2019 2018
3640 1181 1182
3641 1181 2017
3642 1182 2017
3643 145 144
3644 1318 1317
3645 2016 880
3646 2016 1347
3647 880 1347
3648 2014 2016
3649 2014 2015
3650 2016 2015
3651 1285 1277
3652 1285 2014
3653 1277 2014
3654 2013 889
3655 2013 1227
3656 889 1227
3657 2011 2013
3658 2011 2012
3659 2013 2012
3660 1286 1285
3661 1286 2011
3662 1285 2011
3663 2010 825
3664 2010 1286
3665 825 1286
3666 2008 2010
3667 2008 2009
3668 2010 2009
3669 1071 1217
3670 1071 2008
3671 1217 2008
3672 2187 1259
3673 174 175
3674 174 462
3675 1258 2187
3676 2188 920
3677 1259 2188
3678 176 171
3679 789 2188
3680 2189 858
3681 2170 2189
3682 2189 1253
3683 2007 2189
3684 1429 690
3685 1429 1252
3686 690 1252
3687 2006 984
3688 2006 1222
3689 984 1222
3690 2004 2006
3691 2004 2005
3692 2006 2005
3693 1393 1389
3694 1393 2004
3695 1389 2004
3696 2003 835
3697 2003 745
3698 835 745
3699 2001 2003
3700 2001 2002
3701 2003 2002
3702 1222 1228
3703 1222 2001
3704 1228 2001
3705 2000 891
3706 2000 835
3707 891 835
3708 1998 2000
3709 1998 1999
3710 2000 1999
3711 828 1287
3712 828 1998
3713 1287 1998
3714 831 1016
3715 831 1019
3716 1016 1019
3717 2237 936
3718 1997 892
3719 1997 949
3720 892 949
3721 1995 1997
3722 1995 1996
3723 1997 1996
3724 1287 1288
3725 1287 1995
3726 1288 1995
3727 1994 799
3728 1994 892
3729 799 892
3730 1992 1994
3731 1992 1993
3732 1994 1993
3733 883 1191
3734 883 1992
3735 1191 1992
3736 1991 1430
3737 1991 1431
3738 1430 1431
3739 152 154
3740 1203 2190
3741 1203 152
3742 2146 2190
3743 1989 737
3744 1989 1183
3745 737 1183
3746 1987 1989
3747 1987 1988
3748 1989 1988
3749 1139 1130
3750 1139 1987
3751 1130 1987
3752 1986 1133
3753 1986 1139
3754 1133 1139
3755 1984 1986
3756 1984 1985
3757 1986 1985
3758 1191 740
3759 1191 1984
3760 740 1984
3761 1983 724
3762 1983 1133
3763 724 1133
3764 1981 1983
3765 1981 1982
3766 1983 1982
3767 1033 1118
3768 1033 1981
3769 1118 1981
3770 1980 987
3771 1980 829
3772 987 829
3773 1978 1980
3774 1978 1979
3775 1980 1979
3776 1389 1392
3777 1389 1978
3778 1392 1978
3779 1977 836
3780 1977 893
3781 836 893
3782 1975 1977
3783 1975 1976
3784 1977 1976
3785 1220 1229
3786 1220 1975
3787 1229 1975
3788 1974 894
3789 1974 950
3790 894 950
3791 1972 1974
3792 1972 1973
3793 1974 1973
3794 1279 1290
3795 1279 1972
3796 1290 1972
3797 1971 699
3798 1971 836
3799 699 836
3800 1969 1971
3801 1969 1970
3802 1971 1970
3803 829 1092
3804 829 1969
3805 1092 1969
3806 1968 1034
3807 1968 1041
3808 1034 1041
3809 1966 1968
3810 1966 1967
3811 1968 1967
3812 1092 639
3813 1092 1966
3814 639 1966
3815 1965 647
3816 1965 894
3817 647 894
3818 1963 1965
3819 1963 1964
3820 1965 1964
3821 893 1042
3822 893 1963
3823 1042 1963
3824 1962 648
3825 1962 701
3826 648 701
3827 1960 1962
3828 1960 1961
3829 1962 1961
3830 1042 1043
3831 1042 1960
3832 1043 1960
3833 1959 915
3834 1959 648
3835 915 648
3836 1957 1959
3837 1957 1958
3838 1959 1958
3839 1041 1311
3840 1041 1957
3841 1311 1957
3842 1956 1391
3843 1956 1398
3844 1391 1398
3845 1954 1956
3846 1954 1955
3847 1956 1955
3848 1311 986
3849 1311 1954
3850 986 1954
3851 1953 1093
3852 1953 1086
3853 1093 1086
3854 1951 1953
3855 1951 1952
3856 1953 1952
3857 950 700
3858 950 1951
3859 700 1951
3860 1950 1260
3861 1950 1232
3862 1260 1232
3863 1948 1950
3864 1948 1949
3865 1950 1949
3866 700 864
3867 700 1948
3868 864 1948
3869 1947 1262
3870 1947 1260
3871 1262 1260
3872 1945 1947
3873 1945 1946
3874 1947 1946
3875 701 866
3876 701 1945
3877 866 1945
3878 1944 1022
3879 1944 1387
3880 1022 1387
3881 1942 1944
3882 1942 1943
3883 1944 1943
3884 866 627
3885 866 1942
3886 627 1942
3887 1941 1390
3888 1941 1022
3889 1390 1022
3890 1939 1941
3891 1939 1940
3892 1941 1940
3893 1398 985
3894 1398 1939
3895 985 1939
3896 1938 1342
3897 1938 1339
3898 1342 1339
3899 1936 1938
3900 1936 1937
3901 1938 1937
3902 985 943
3903 985 1936
3904 943 1936
3905 1935 941
3906 1935 782
3907 941 782
3908 1933 1935
3909 1933 1934
3910 1935 1934
3911 1330 1340
3912 1330 1933
3913 1340 1933
3914 1932 792
3915 1932 747
3916 792 747
3917 1930 1932
3918 1930 1931
3919 1932 1931
3920 730 1184
3921 730 1930
3922 1184 1930
3923 2240 1927
3924 204 1929
3925 2240 2239
3926 1929 2191
3927 458 771
3928 1925 841
3929 1925 792
3930 841 792
3931 1923 1925
3932 1923 1924
3933 1925 1924
3934 782 1234
3935 782 1923
3936 1234 1923
3937 1922 1132
3938 1922 1399
3939 1132 1399
3940 1920 1922
3941 1920 1921
3942 1922 1921
3943 1234 739
3944 1234 1920
3945 739 1920
3946 1919 793
3947 1919 748
3948 793 748
3949 1917 1919
3950 1917 1918
3951 1919 1918
3952 747 1185
3953 747 1917
3954 1185 1917
3955 1916 794
3956 1916 837
3957 794 837
3958 1914 1916
3959 1914 1915
3960 1916 1915
3961 1185 1186
3962 1185 1914
3963 1186 1914
3964 1913 749
3965 1913 794
3966 749 794
3967 1911 1913
3968 1911 1912
3969 1913 1912
3970 1399 1142
3971 1399 1911
3972 1142 1911
3973 1910 1085
3974 1910 1095
3975 1085 1095
3976 1908 1910
3977 1908 1909
3978 1910 1909
3979 1142 692
3980 1142 1908
3981 692 1908
3982 1905 481
3983 1906 917
3984 2243 2191
3985 204 205
3986 882 1907
3987 780 881
3988 1175 1313
3989 1907 1929
3990 1905 882
3991 1904 1378
3992 1904 1377
3993 1378 1377
3994 1902 1904
3995 1902 1903
3996 1904 1903
3997 837 974
3998 837 1902
3999 974 1902
4000 1901 1116
4001 1901 1080
4002 1116 1080
4003 1899 1901
4004 1899 1900
4005 1901 1900
4006 974 722
4007 974 1899
4008 722 1899
4009 1898 1084
4010 1898 1116
4011 1084 1116
4012 1896 1898
4013 1896 1897
4014 1898 1897
4015 1095 691
4016 1095 1896
4017 691 1896
4018 1895 1219
4019 1895 1213
4020 1219 1213
4021 1893 1895
4022 1893 1894
4023 1895 1894
4024 691 827
4025 691 1893
4026 827 1893
4027 1892 1216
4028 1892 1218
4029 1216 1218
4030 1890 1892
4031 1890 1891
4032 1892 1891
4033 1150 824
4034 1150 1890
4035 824 1890
4036 1889 952
4037 1889 895
4038 952 895
4039 1887 1889
4040 1887 1888
4041 1889 1888
4042 876 1352
4043 876 1887
4044 1352 1887
4045 1886 823
4046 1886 1292
4047 823 1292
4048 1884 1886
4049 1884 1885
4050 1886 1885
4051 1231 1215
4052 1231 1884
4053 1215 1884
4054 1883 1352
4055 1883 1150
4056 1352 1150
4057 1881 1883
4058 1881 1882
4059 1883 1882
4060 649 952
4061 649 1881
4062 952 1881
4063 1880 1044
4064 1880 983
4065 1044 983
4066 1878 1880
4067 1878 1879
4068 1880 1879
4069 995 649
4070 995 1878
4071 649 1878
4072 1877 1292
4073 1877 1291
4074 1292 1291
4075 1875 1877
4076 1875 1876
4077 1877 1876
4078 953 896
4079 953 1875
4080 896 1875
4081 1874 1400
4082 1874 1122
4083 1400 1122
4084 1872 1874
4085 1872 1873
4086 1874 1873
4087 1381 995
4088 1381 1872
4089 995 1872
4090 1871 822
4091 1871 1231
4092 822 1231
4093 1869 1871
4094 1869 1870
4095 1871 1870
4096 1061 1214
4097 1061 1869
4098 1214 1869
4099 1868 874
4100 1868 1402
4101 874 1402
4102 1866 1868
4103 1866 1867
4104 1868 1867
4105 1294 1271
4106 1294 1866
4107 1271 1866
4108 1865 1354
4109 1865 880
4110 1354 880
4111 1863 1865
4112 1863 1864
4113 1865 1864
4114 897 954
4115 897 1863
4116 954 1863
4117 1862 1402
4118 1862 1401
4119 1402 1401
4120 1860 1862
4121 1860 1861
4122 1862 1861
4123 650 997
4124 650 1860
4125 997 1860
4126 1859 651
4127 1859 703
4128 651 703
4129 1857 1859
4130 1857 1858
4131 1859 1858
4132 1045 1046
4133 1045 1857
4134 1046 1857
4135 1856 1046
4136 1856 897
4137 1046 897
4138 1854 1856
4139 1854 1855
4140 1856 1855
4141 899 651
4142 899 1854
4143 651 1854
4144 1853 1295
4145 1853 825
4146 1295 825
4147 1851 1853
4148 1851 1852
4149 1853 1852
4150 840 899
4151 840 1851
4152 899 1851
4153 1850 1418
4154 1850 1386
4155 1418 1386
4156 1848 1850
4157 1848 1849
4158 1850 1849
4159 898 1013
4160 898 1848
4161 1013 1848
4162 1847 1355
4163 1847 1332
4164 1355 1332
4165 1845 1847
4166 1845 1846
4167 1847 1846
4168 1013 955
4169 1013 1845
4170 955 1845
4171 1844 955
4172 1844 1096
4173 955 1096
4174 1842 1844
4175 1842 1843
4176 1844 1843
4177 1356 1355
4178 1356 1842
4179 1355 1842
4180 1012 840
4181 1012 1838
4182 840 1838
4183 1838 1841
4184 1838 763
4185 1841 763
4186 2192 763
4187 1417 2192
4188 2192 1156
4189 856 2192
4190 129 128
4191 1837 2193
4192 623 129
4193 856 2193
4194 1836 1083
4195 1836 1113
4196 1083 1113
4197 1114 141
4198 923 1018
4199 141 142
4200 1835 1097
4201 1835 1079
4202 1097 1079
4203 1833 1835
4204 1833 1834
4205 1835 1834
4206 796 704
4207 796 1833
4208 704 1833
4209 1427 1832
4210 1427 1831
4211 1832 1831
4212 2194 1428
4213 1431 2194
4214 2194 1832
4215 155 156
4216 1204 1990
4217 1204 1991
4218 1990 1991
4219 1830 1188
4220 1830 1187
4221 1188 1187
4222 1828 1830
4223 1828 1829
4224 1830 1829
4225 918 796
4226 918 1828
4227 796 1828
4228 1827 1235
4229 1827 918
4230 1235 918
4231 1825 1827
4232 1825 1826
4233 1827 1826
4234 797 842
4235 797 1825
4236 842 1825
4237 1823 750
4238 1823 942
4239 750 942
4240 1821 1823
4241 1821 1822
4242 1823 1822
4243 1130 1143
4244 1130 1821
4245 1143 1821
4246 1820 1047
4247 1820 1029
4248 1047 1029
4249 1818 1820
4250 1818 1819
4251 1820 1819
4252 704 652
4253 704 1818
4254 652 1818
4255 1817 1357
4256 1817 1073
4257 1357 1073
4258 1815 1817
4259 1815 1816
4260 1817 1816
4261 652 957
4262 652 1815
4263 957 1815
4264 1814 1358
4265 1814 1357
4266 1358 1357
4267 1812 1814
4268 1812 1813
4269 1814 1813
4270 842 958
4271 842 1812
4272 958 1812
4273 1811 1296
4274 1811 1266
4275 1296 1266
4276 1809 1811
4277 1809 1810
4278 1811 1810
4279 958 900
4280 958 1809
4281 900 1809
4282 1808 900
4283 1808 750
4284 900 750
4285 1806 1808
4286 1806 1807
4287 1808 1807
4288 1276 1296
4289 1276 1806
4290 1296 1806
4291 1805 1118
4292 1805 1091
4293 1118 1091
4294 1803 1805
4295 1803 1804
4296 1805 1804
4297 879 724
4298 879 1803
4299 724 1803
4300 1802 636
4301 1802 878
4302 636 878
4303 1800 1802
4304 1800 1801
4305 1802 1801
4306 1027 1031
4307 1027 1800
4308 1031 1800
4309 1799 901
4310 1799 798
4311 901 798
4312 1797 1799
4313 1797 1798
4314 1799 1798
4315 778 1297
4316 778 1797
4317 1297 1797
4318 1796 809
4319 1796 707
4320 809 707
4321 1794 1796
4322 1794 1795
4323 1796 1795
4324 683 1201
4325 683 1794
4326 1201 1794
4327 1793 706
4328 1793 901
4329 706 901
4330 1791 1793
4331 1791 1792
4332 1793 1792
4333 878 1099
4334 878 1791
4335 1099 1791
4336 1790 1232
4337 1790 1048
4338 1232 1048
4339 1788 1790
4340 1788 1789
4341 1790 1789
4342 1099 839
4343 1099 1788
4344 839 1788
4345 1787 959
4346 1787 809
4347 959 809
4348 1785 1787
4349 1785 1786
4350 1787 1786
4351 798 1359
4352 798 1785
4353 1359 1785
4354 1784 960
4355 1784 998
4356 960 998
4357 1782 1784
4358 1782 1783
4359 1784 1783
4360 1359 1360
4361 1359 1782
4362 1360 1782
4363 1781 655
4364 1781 960
4365 655 960
4366 1779 1781
4367 1779 1780
4368 1781 1780
4369 1048 1050
4370 1048 1779
4371 1050 1779
4372 1778 1387
4373 1778 1032
4374 1387 1032
4375 1776 1778
4376 1776 1777
4377 1778 1777
4378 1050 982
4379 1050 1776
4380 982 1776
4381 1775 1049
4382 1775 1026
4383 1049 1026
4384 1773 1775
4385 1773 1774
4386 1775 1774
4387 707 654
4388 707 1773
4389 654 1773
4390 1772 1129
4391 1772 1058
4392 1129 1058
4393 1770 1772
4394 1770 1771
4395 1772 1771
4396 654 736
4397 654 1770
4398 736 1770
4399 1769 1131
4400 1769 1129
4401 1131 1129
4402 1767 1769
4403 1767 1768
4404 1769 1768
4405 998 738
4406 998 1767
4407 738 1767
4408 1766 1298
4409 1766 1200
4410 1298 1200
4411 1764 1766
4412 1764 1765
4413 1766 1765
4414 738 902
4415 738 1764
4416 902 1764
4417 1763 1274
4418 1763 1298
4419 1274 1298
4420 1761 1763
4421 1761 1762
4422 1763 1762
4423 1032 877
4424 1032 1761
4425 877 1761
4426 1760 1339
4427 1760 1328
4428 1339 1328
4429 1758 1760
4430 1758 1759
4431 1760 1759
4432 877 940
4433 877 1758
4434 940 1758
4435 1757 824
4436 1757 688
4437 824 688
4438 1755 1757
4439 1755 1756
4440 1757 1756
4441 1213 1216
4442 1213 1755
4443 1216 1755
4444 1754 708
4445 1754 751
4446 708 751
4447 1752 1754
4448 1752 1753
4449 1754 1753
4450 1080 1101
4451 1080 1752
4452 1101 1752
4453 2217 1601
4454 1175 516
4455 203 1601
4456 206 208
4457 380 208
4458 1750 961
4459 1750 708
4460 961 708
4461 1748 1750
4462 1748 1749
4463 1750 1749
4464 688 1361
4465 688 1748
4466 1361 1748
4467 1747 1273
4468 1747 1299
4469 1273 1299
4470 1745 1747
4471 1745 1746
4472 1747 1746
4473 1361 876
4474 1361 1745
4475 876 1745
4476 1744 1175
4477 1744 1144
4478 1175 1144
4479 1742 1744
4480 1742 1743
4481 1744 1743
4482 944 783
4483 944 1742
4484 783 1742
4485 2195 1740
4486 1343 2195
4487 2195 1102
4488 1739 2195
4489 1737 1102
4490 1737 903
4491 1102 903
4492 1735 1737
4493 1735 1736
4494 1737 1736
4495 904 709
4496 904 1735
4497 709 1735
4498 1734 843
4499 1734 904
4500 843 904
4501 1732 1734
4502 1732 1733
4503 1734 1733
4504 1215 1236
4505 1215 1732
4506 1236 1732
4507 207 209
4508 2196 1731
4509 843 2196
4510 2196 1729
4511 2197 1730
4512 1236 2197
4513 2197 1319
4514 1729 2197
4515 1730 2198
4516 2198 921
4517 1728 2198
4518 1727 945
4519 1727 921
4520 945 921
4521 1725 1727
4522 1725 1726
4523 1727 1726
4524 1337 1344
4525 1337 1725
4526 1344 1725
4527 2166 1237
4528 2166 1264
4529 1237 1264
4530 184 183
4531 875 732
4532 2199 732
4533 684 2199
4534 684 197
4535 930 2199
4536 2165 1192
4537 2165 1128
4538 1192 1128
4539 1718 906
4540 1718 999
4541 906 999
4542 1716 1718
4543 1716 1717
4544 1718 1717
4545 1271 1302
4546 1271 1716
4547 1302 1716
4548 1715 1145
4549 1715 1127
4550 1145 1127
4551 1713 1715
4552 1713 1714
4553 1715 1714
4554 844 752
4555 844 1713
4556 752 1713
4557 1712 1103
4558 1712 1072
4559 1103 1072
4560 1710 1712
4561 1710 1711
4562 1712 1711
4563 752 710
4564 752 1710
4565 710 1710
4566 1709 1104
4567 1709 1103
4568 1104 1103
4569 1707 1709
4570 1707 1708
4571 1709 1708
4572 800 711
4573 800 1707
4574 711 1707
4575 1706 1210
4576 1706 1382
4577 1210 1382
4578 1704 1706
4579 1704 1705
4580 1706 1705
4581 711 818
4582 711 1704
4583 818 1704
4584 1703 1322
4585 1703 1210
4586 1322 1210
4587 1701 1703
4588 1701 1702
4589 1703 1702
4590 1302 925
4591 1302 1701
4592 925 1701
4593 1700 1270
4594 1700 1208
4595 1270 1208
4596 1698 1700
4597 1698 1699
4598 1700 1699
4599 925 873
4600 925 1698
4601 873 1698
4602 2140 1114
4603 147 2223
4604 142 147
4605 1697 1405
4606 1697 934
4607 1405 934
4608 1695 1697
4609 1695 1696
4610 1697 1696
4611 963 1000
4612 963 1695
4613 1000 1695
4614 132 131
4615 795 1199
4616 1694 2200
4617 1602 871
4618 1602 1603
4619 871 1603
4620 1723 1363
4621 1723 1370
4622 1363 1370
4623 132 134
4624 2200 131
4625 139 140
4626 857 140
4627 1693 1251
4628 1693 907
4629 1251 907
4630 1691 1693
4631 1691 1692
4632 1693 1692
4633 919 857
4634 919 1691
4635 857 1691
4636 1690 713
4637 1690 801
4638 713 801
4639 1688 1690
4640 1688 1689
4641 1690 1689
4642 1079 1106
4643 1079 1688
4644 1106 1688
4645 1687 1146
4646 1687 1125
4647 1146 1125
4648 1685 1687
4649 1685 1686
4650 1687 1686
4651 1000 753
4652 1000 1685
4653 753 1685
4654 1684 1105
4655 1684 1070
4656 1105 1070
4657 1682 1684
4658 1682 1683
4659 1684 1683
4660 753 712
4661 753 1682
4662 712 1682
4663 1681 1065
4664 1681 1105
4665 1065 1105
4666 1679 1681
4667 1679 1680
4668 1681 1680
4669 907 670
4670 907 1679
4671 670 1679
4672 1678 1406
4673 1678 1256
4674 1406 1256
4675 1676 1678
4676 1676 1677
4677 1678 1677
4678 670 1001
4679 670 1676
4680 1001 1676
4681 1675 1312
4682 1675 1406
4683 1312 1406
4684 1673 1675
4685 1673 1674
4686 1675 1674
4687 1106 916
4688 1106 1673
4689 916 1673
4690 1672 1172
4691 1672 1166
4692 1172 1166
4693 1670 1672
4694 1670 1671
4695 1672 1671
4696 916 779
4697 916 1670
4698 779 1670
4699 1669 632
4700 1669 820
4701 632 820
4702 1667 1669
4703 1667 1668
4704 1669 1668
4705 1091 1027
4706 1091 1667
4707 1027 1667
4708 1666 908
4709 1666 964
4710 908 964
4711 1664 1666
4712 1664 1665
4713 1666 1665
4714 1266 1304
4715 1266 1664
4716 1304 1664
4717 1663 965
4718 1663 657
4719 965 657
4720 1661 1663
4721 1661 1662
4722 1663 1662
4723 1073 1365
4724 1073 1661
4725 1365 1661
4726 1660 924
4727 1660 908
4728 924 908
4729 1658 1660
4730 1658 1659
4731 1660 1659
4732 820 1321
4733 820 1658
4734 1321 1658
4735 1657 1171
4736 1657 1194
4737 1171 1194
4738 1655 1657
4739 1655 1656
4740 1657 1656
4741 1321 778
4742 1321 1655
4743 778 1655
4744 1654 1003
4745 1654 965
4746 1003 965
4747 1652 1654
4748 1652 1653
4749 1654 1653
4750 964 1408
4751 964 1652
4752 1408 1652
4753 1651 1004
4754 1651 658
4755 1004 658
4756 1649 1651
4757 1649 1650
4758 1651 1650
4759 1408 1409
4760 1408 1649
4761 1409 1649
4762 1648 803
4763 1648 1004
4764 803 1004
4765 1646 1648
4766 1646 1647
4767 1648 1647
4768 1194 1195
4769 1194 1646
4770 1195 1646
4771 1645 1076
4772 1645 1107
4773 1076 1107
4774 1643 1645
4775 1643 1644
4776 1645 1644
4777 1195 683
4778 1195 1643
4779 683 1643
4780 1642 1305
4781 1642 1267
4782 1305 1267
4783 1640 1642
4784 1640 1641
4785 1642 1641
4786 657 909
4787 657 1640
4788 909 1640
4789 1639 1239
4790 1639 1170
4791 1239 1170
4792 1637 1639
4793 1637 1638
4794 1639 1638
4795 909 845
4796 909 1637
4797 845 1637
4798 1636 1240
4799 1636 1239
4800 1240 1239
4801 1634 1636
4802 1634 1635
4803 1636 1635
4804 658 846
4805 658 1634
4806 846 1634
4807 1633 1147
4808 1633 1060
4809 1147 1060
4810 1631 1633
4811 1631 1632
4812 1633 1632
4813 846 754
4814 846 1631
4815 754 1631
4816 1630 1351
4817 1630 1147
4818 1351 1147
4819 1628 1630
4820 1628 1629
4821 1630 1629
4822 1107 951
4823 1107 1628
4824 951 1628
4825 1627 1075
4826 1627 1301
4827 1075 1301
4828 1625 1627
4829 1625 1626
4830 1627 1626
4831 951 682
4832 951 1625
4833 682 1625
4834 1624 933
4835 1624 868
4836 933 868
4837 1622 1624
4838 1622 1623
4839 1624 1623
4840 1328 1330
4841 1328 1622
4842 1330 1622
4843 1621 910
4844 1621 966
4845 910 966
4846 1619 1621
4847 1619 1620
4848 1621 1620
4849 1200 1306
4850 1200 1619
4851 1306 1619
4852 1618 1054
4853 1618 663
4854 1054 663
4855 1616 1618
4856 1616 1617
4857 1618 1617
4858 967 659
4859 967 1616
4860 659 1616
4861 1615 804
4862 1615 910
4863 804 910
4864 1613 1615
4865 1613 1614
4866 1615 1614
4867 868 1196
4868 868 1613
4869 1196 1613
4870 1612 1124
4871 1612 1148
4872 1124 1148
4873 1610 1612
4874 1610 1611
4875 1612 1611
4876 1196 730
4877 1196 1610
4878 730 1610
4879 1609 756
4880 1609 967
4881 756 967
4882 1607 1609
4883 1607 1608
4884 1609 1608
4885 966 1149
4886 966 1607
4887 1149 1607
4888 1606 1149
4889 1606 1179
4890 1149 1179
4891 1604 1606
4892 1604 1605
4893 1606 1605
4894 1323 756
4895 1323 1604
4896 756 1604
4897 1603 1148
4898 1603 1164
4899 1148 1164
4900 2241 1164
4901 1164 377
4902 1926 2191
4903 213 458
4904 458 214
4905 771 1601
4906 1600 1410
4907 1600 1383
4908 1410 1383
4909 1598 1600
4910 1598 1599
4911 1600 1599
4912 659 1005
4913 659 1598
4914 1005 1598
4915 2201 685
4916 1410 2201
4917 2201 1597
4918 1078 2201
4919 1596 1005
4920 1596 1407
4921 1005 1407
4922 1596 1349
4923 1596 1597
4924 1349 1597
4925 1323 1002
4926 1323 1407
4927 1002 1407
4928 1595 1344
4929 1595 1379
4930 1344 1379
4931 1593 1595
4932 1593 1594
4933 1595 1594
4934 1419 945
4935 1419 1593
4936 945 1593
4937 1592 1211
4938 1592 975
4939 1211 975
4940 1590 1592
4941 1590 1591
4942 1592 1591
4943 931 819
4944 931 1590
4945 819 1590
4946 2202 1589
4947 1028 2202
4948 2202 1587
4949 848 2202
4950 2203 1588
4951 633 2203
4952 1588 217
4953 1587 2203
4954 1585 1059
4955 1585 968
4956 1059 968
4957 1583 1585
4958 1583 1584
4959 1585 1584
4960 664 1583
4961 1582 1242
4962 1582 1211
4963 1242 1211
4964 1580 1582
4965 1580 1581
4966 1582 1581
4967 640 848
4968 640 1580
4969 848 1580
4970 1579 1072
4971 1579 1108
4972 1072 1108
4973 1577 1579
4974 1577 1578
4975 1579 1578
4976 1035 679
4977 1035 1577
4978 679 1577
4979 1576 849
4980 1576 1059
4981 849 1059
4982 1574 1576
4983 1574 1575
4984 1576 1575
4985 1028 1243
4986 1028 1574
4987 1243 1574
4988 1573 850
4989 1573 911
4990 850 911
4991 1571 1573
4992 1571 1572
4993 1573 1572
4994 1243 1244
4995 1243 1571
4996 1244 1571
4997 1570 716
4998 1570 850
4999 716 850
5000 1568 1570
5001 1568 1569
5002 1570 1569
5003 1108 1109
5004 1108 1568
5005 1109 1568
5006 1567 1382
5007 1567 1411
5008 1382 1411
5009 1565 1567
5010 1565 1566
5011 1567 1566
5012 1109 978
5013 1109 1565
5014 978 1565
5015 1564 928
5016 1564 1368
5017 928 1368
5018 1562 1564
5019 1562 1563
5020 1564 1563
5021 1121 1325
5022 1121 1562
5023 1325 1562
5024 1561 884
5025 1561 1121
5026 884 1121
5027 1559 1561
5028 1559 1560
5029 1561 1560
5030 1421 1280
5031 1421 1559
5032 1280 1559
5033 1558 1063
5034 1558 1421
5035 1063 1421
5036 1556 1558
5037 1556 1557
5038 1558 1557
5039 911 668
5040 911 1556
5041 668 1556
5042 1555 1197
5043 1555 1165
5044 1197 1165
5045 1553 1555
5046 1553 1554
5047 1555 1554
5048 668 805
5049 668 1553
5050 805 1553
5051 1552 1168
5052 1552 1197
5053 1168 1197
5054 1550 1552
5055 1550 1551
5056 1552 1551
5057 1411 775
5058 1411 1550
5059 775 1550
5060 1549 1208
5061 1549 1261
5062 1208 1261
5063 1547 1549
5064 1547 1548
5065 1549 1548
5066 775 816
5067 775 1547
5068 816 1547
5069 1546 867
5070 1546 774
5071 867 774
5072 1544 1546
5073 1544 1545
5074 1546 1545
5075 1261 1263
5076 1261 1544
5077 1263 1544
5078 1543 767
5079 1543 851
5080 767 851
5081 1541 1543
5082 1541 1542
5083 1543 1542
5084 1165 1160
5085 1165 1541
5086 1160 1541
5087 1540 852
5088 1540 969
5089 852 969
5090 1538 1540
5091 1538 1539
5092 1540 1539
5093 1280 1246
5094 1280 1538
5095 1246 1538
5096 1537 758
5097 1537 767
5098 758 767
5099 1535 1537
5100 1535 1536
5101 1537 1536
5102 774 1151
5103 774 1535
5104 1151 1535
5105 1534 1070
5106 1534 1110
5107 1070 1110
5108 1532 1534
5109 1532 1533
5110 1534 1533
5111 1151 676
5112 1151 1532
5113 676 1532
5114 1531 1007
5115 1531 852
5116 1007 852
5117 1529 1531
5118 1529 1530
5119 1531 1530
5120 851 1412
5121 851 1529
5122 1412 1529
5123 1528 1008
5124 1528 660
5125 1008 660
5126 1526 1528
5127 1526 1527
5128 1528 1527
5129 1412 1413
5130 1412 1526
5131 1413 1526
5132 1525 718
5133 1525 1008
5134 718 1008
5135 1523 1525
5136 1523 1524
5137 1525 1524
5138 1110 1111
5139 1110 1523
5140 1111 1523
5141 1522 1256
5142 1522 1384
5143 1256 1384
5144 1520 1522
5145 1520 1521
5146 1522 1521
5147 1111 860
5148 1111 1520
5149 860 1520
5150 1519 1416
5151 1519 1209
5152 1416 1209
5153 1517 1519
5154 1517 1518
5155 1519 1518
5156 969 1011
5157 969 1517
5158 1011 1517
5159 1516 1152
5160 1516 1119
5161 1152 1119
5162 1514 1516
5163 1514 1515
5164 1516 1515
5165 1011 759
5166 1011 1514
5167 759 1514
5168 1513 1153
5169 1513 1152
5170 1153 1152
5171 1511 1513
5172 1511 1512
5173 1513 1512
5174 660 760
5175 660 1511
5176 760 1511
5177 1510 1051
5178 1510 1064
5179 1051 1064
5180 1508 1510
5181 1508 1509
5182 1510 1509
5183 760 656
5184 760 1508
5185 656 1508
5186 1507 1069
5187 1507 1051
5188 1069 1051
5189 1505 1507
5190 1505 1506
5191 1507 1506
5192 1384 675
5193 1384 1505
5194 675 1505
5195 1504 1166
5196 1504 1161
5197 1166 1161
5198 1502 1504
5199 1502 1503
5200 1504 1503
5201 675 773
5202 675 1502
5203 773 1502
5204 1501 1362
5205 1501 1078
5206 1362 1078
5207 1499 1501
5208 1499 1500
5209 1501 1500
5210 1238 962
5211 1238 1499
5212 962 1499
5213 2204 1498
5214 1023 2204
5215 2204 1496
5216 1158 2204
5217 2205 1497
5218 628 2205
5219 2205 1362
5220 1496 2205
5221 403 220
5222 1497 2206
5223 2206 962
5224 1495 2206
5225 1494 976
5226 1494 1158
5227 976 1158
5228 1492 1494
5229 1492 1493
5230 1494 1493
5231 1372 1380
5232 1372 1492
5233 1380 1492
5234 1491 1098
5235 1491 1372
5236 1098 1372
5237 1489 1491
5238 1489 1490
5239 1491 1490
5240 1226 705
5241 1226 1489
5242 705 1489
5243 2207 1488
5244 1098 2207
5245 2207 1486
5246 861 2207
5247 2208 1487
5248 705 2208
5249 222 356
5250 1486 2208
5251 2209 847
5252 1487 2209
5253 429 220
5254 1485 2209
5255 1484 1336
5256 1484 1241
5257 1336 1241
5258 1482 1484
5259 1482 1483
5260 1484 1483
5261 439 689
5262 439 630
5263 937 1482
5264 1481 1082
5265 1481 1021
5266 1082 1021
5267 1479 1481
5268 1479 1480
5269 1481 1480
5270 937 689
5271 937 1479
5272 689 1479
5273 1478 770
5274 1478 673
5275 770 673
5276 1476 1478
5277 1476 1477
5278 1478 1477
5279 1161 1163
5280 1161 1476
5281 1163 1476
5282 1475 719
5283 1475 761
5284 719 761
5285 1473 1475
5286 1473 1474
5287 1475 1474
5288 1064 1112
5289 1064 1473
5290 1112 1473
5291 1472 914
5292 1472 854
5293 914 854
5294 1470 1472
5295 1470 1471
5296 1472 1471
5297 1119 1310
5298 1119 1470
5299 1310 1470
5300 1469 912
5301 1469 719
5302 912 719
5303 1467 1469
5304 1467 1468
5305 1469 1468
5306 673 1308
5307 673 1467
5308 1308 1467
5309 1466 1170
5310 1466 1247
5311 1170 1247
5312 1464 1466
5313 1464 1465
5314 1466 1465
5315 1308 777
5316 1308 1464
5317 777 1464
5318 1463 721
5319 1463 914
5320 721 914
5321 1461 1463
5322 1461 1462
5323 1463 1462
5324 761 1115
5325 761 1461
5326 1115 1461
5327 1460 762
5328 1460 806
5329 762 806
5330 1458 1460
5331 1458 1459
5332 1460 1459
5333 1115 1155
5334 1115 1458
5335 1155 1458
5336 1457 855
5337 1457 762
5338 855 762
5339 1455 1457
5340 1455 1456
5341 1457 1456
5342 1247 1249
5343 1247 1455
5344 1249 1455
5345 1454 1060
5346 1454 1320
5347 1060 1320
5348 1452 1454
5349 1452 1453
5350 1454 1453
5351 1249 665
5352 1249 1452
5353 665 1452
5354 1451 1309
5355 1451 815
5356 1309 815
5357 1449 1451
5358 1449 1450
5359 1451 1450
5360 854 913
5361 854 1449
5362 913 1449
5363 1448 1414
5364 1448 861
5365 1414 861
5366 1446 1448
5367 1446 1447
5368 1448 1447
5369 913 1009
5370 913 1446
5371 1009 1446
5372 1445 1415
5373 1445 1414
5374 1415 1414
5375 1443 1445
5376 1443 1444
5377 1445 1444
5378 806 1010
5379 806 1443
5380 1010 1443
5381 1442 1056
5382 1442 976
5383 1056 976
5384 1440 1442
5385 1440 1441
5386 1442 1441
5387 1010 661
5388 1010 1440
5389 661 1440
5390 1439 1338
5391 1439 1056
5392 1338 1056
5393 1437 1439
5394 1437 1438
5395 1439 1438
5396 1320 939
5397 1320 1437
5398 939 1437
5399 1436 1301
5400 1436 1066
5401 1301 1066
5402 1434 1436
5403 1434 1435
5404 1436 1435
5405 939 905
5406 939 1434
5407 905 1434
5408 2229 667
5409 2230 1426
5410 2231 1426
5411 1173 2029
5412 1173 2030
5413 2029 2030
5414 2210 2035
5415 2210 326
5416 2220 179
5417 1122 2210
5418 156 153
5419 1183 2211
5420 2211 1990
5421 1203 2211
5422 1430 1341
5423 1430 2145
5424 1341 2145
5425 2168 1356
5426 2168 2167
5427 1356 2167
5428 2226 187
5429 1338 1435
5430 1338 671
5431 1435 671
5432 922 1438
5433 922 661
5434 1438 661
5435 1415 1441
5436 1415 1380
5437 1441 1380
5438 1198 1444
5439 1198 1009
5440 1444 1009
5441 1309 1447
5442 1309 1257
5443 1447 1257
5444 1248 1450
5445 1248 1207
5446 1450 1207
5447 855 1453
5448 855 922
5449 1453 922
5450 853 1456
5451 853 1155
5452 1456 1155
5453 721 1459
5454 721 1198
5455 1459 1198
5456 1154 1462
5457 1154 1310
5458 1462 1310
5459 912 1465
5460 912 853
5461 1465 853
5462 1067 1468
5463 1067 1112
5464 1468 1112
5465 726 1471
5466 726 1248
5467 1471 1248
5468 669 1474
5469 669 1154
5470 1474 1154
5471 768 1477
5472 768 1067
5473 1477 1067
5474 1336 1480
5475 1336 625
5476 1480 625
5477 28 439
5478 439 202
5479 1483 847
5480 2212 1241
5481 1488 2212
5482 2212 1485
5483 1257 2212
5484 202 614
5485 614 222
5486 1490 970
5487 970 1493
5488 970 764
5489 1493 764
5490 356 221
5491 1498 2213
5492 2213 1495
5493 764 2213
5494 2206 219
5495 219 403
5496 1500 685
5497 1069 1503
5498 1069 768
5499 1503 768
5500 980 1506
5501 980 656
5502 1506 656
5503 1153 1509
5504 1153 669
5505 1509 669
5506 1055 1512
5507 1055 759
5508 1512 759
5509 1416 1515
5510 1416 726
5511 1515 726
5512 1369 1518
5513 1369 817
5514 1518 817
5515 718 1521
5516 718 980
5517 1521 980
5518 717 1524
5519 717 1413
5520 1524 1413
5521 1007 1527
5522 1007 1055
5523 1527 1055
5524 1245 1530
5525 1245 1246
5526 1530 1246
5527 758 1533
5528 758 717
5529 1533 717
5530 1167 1536
5531 1167 1160
5532 1536 1160
5533 884 1539
5534 884 1369
5535 1539 1369
5536 772 1542
5537 772 1245
5538 1542 1245
5539 865 1545
5540 865 1167
5541 1545 1167
5542 1168 1548
5543 1168 865
5544 1548 865
5545 1006 1551
5546 1006 805
5547 1551 805
5548 1063 1554
5549 1063 772
5550 1554 772
5551 1307 1557
5552 1307 1015
5553 1557 1015
5554 1015 1560
5555 1015 728
5556 1560 728
5557 728 1563
5558 728 968
5559 1563 968
5560 716 1566
5561 716 1006
5562 1566 1006
5563 715 1569
5564 715 1244
5565 1569 1244
5566 849 1572
5567 849 1307
5568 1572 1307
5569 633 1575
5570 633 664
5571 1575 664
5572 640 1578
5573 640 715
5574 1578 715
5575 1035 1581
5576 1035 819
5577 1581 819
5578 1584 1368
5579 1589 2214
5580 2214 1586
5581 1242 2214
5582 1327 1591
5583 1327 1379
5584 1591 1379
5585 1014 1594
5586 1014 975
5587 1594 975
5588 1002 926
5589 1002 1268
5590 926 1268
5591 1054 1599
5592 1054 979
5593 1599 979
5594 203 214
5595 203 2191
5596 871 1179
5597 871 755
5598 1179 755
5599 926 1605
5600 926 787
5601 1605 787
5602 1366 1608
5603 1366 1367
5604 1608 1367
5605 804 1611
5606 804 755
5607 1611 755
5608 1265 1614
5609 1265 1306
5610 1614 1306
5611 1367 1617
5612 1367 1058
5613 1617 1058
5614 808 1620
5615 808 1366
5616 1620 1366
5617 932 1623
5618 932 1265
5619 1623 1265
5620 1351 1626
5621 1351 905
5622 1626 905
5623 714 1629
5624 714 754
5625 1629 754
5626 1240 1632
5627 1240 665
5628 1632 665
5629 1053 1635
5630 1053 845
5631 1635 845
5632 1305 1638
5633 1305 777
5634 1638 777
5635 1052 1641
5636 1052 870
5637 1641 870
5638 803 1644
5639 803 714
5640 1644 714
5641 802 1647
5642 802 1409
5643 1647 1409
5644 1003 1650
5645 1003 1053
5646 1650 1053
5647 1364 1653
5648 1364 1365
5649 1653 1365
5650 924 1656
5651 924 802
5652 1656 802
5653 1212 1659
5654 1212 1304
5655 1659 1304
5656 680 1662
5657 680 1052
5658 1662 1052
5659 869 1665
5660 869 1364
5661 1665 1364
5662 698 1668
5663 698 1212
5664 1668 1212
5665 1312 1671
5666 1312 773
5667 1671 773
5668 713 1674
5669 713 1001
5670 1674 1001
5671 1065 1677
5672 1065 860
5673 1677 860
5674 1303 1680
5675 1303 712
5676 1680 712
5677 1146 1683
5678 1146 676
5679 1683 676
5680 1405 1686
5681 1405 731
5682 1686 731
5683 686 1689
5684 686 1193
5685 1689 1193
5686 2141 801
5687 2141 1251
5688 801 1251
5689 1316 1692
5690 1316 1303
5691 1692 1303
5692 2144 1316
5693 2144 963
5694 1316 963
5695 1363 1696
5696 1363 1332
5697 1696 1332
5698 1193 2238
5699 857 2143
5700 2238 2143
5701 1837 1839
5702 1837 1836
5703 1839 1836
5704 1322 1699
5705 1322 816
5706 1699 816
5707 906 1702
5708 906 818
5709 1702 818
5710 1104 1705
5711 1104 978
5712 1705 978
5713 1192 1708
5714 1192 710
5715 1708 710
5716 1145 1711
5717 1145 679
5718 1711 679
5719 1237 1714
5720 1237 733
5721 1714 733
5722 874 1717
5723 874 1404
5724 1717 1404
5725 999 1335
5726 999 635
5727 1335 635
5728 2163 1335
5729 2163 800
5730 1335 800
5731 1128 1126
5732 1128 1719
5733 1126 1719
5734 1331 1334
5735 1326 1126
5736 1326 844
5737 1126 844
5738 938 1726
5739 938 1319
5740 1726 1319
5741 224 2149
5742 205 206
5743 2198 581
5744 211 581
5745 209 1741
5746 823 1733
5747 823 1300
5748 1733 1300
5749 1300 1736
5750 1300 1299
5751 1736 1299
5752 1343 1743
5753 1343 751
5754 1743 751
5755 961 1746
5756 961 903
5757 1746 903
5758 1081 1749
5759 1081 1101
5760 1749 1101
5761 687 1753
5762 687 1144
5763 1753 1144
5764 821 1756
5765 821 1081
5766 1756 1081
5767 1274 1759
5768 1274 932
5769 1759 932
5770 637 1762
5771 637 902
5772 1762 902
5773 1131 1765
5774 1131 808
5775 1765 808
5776 1403 1768
5777 1403 736
5778 1768 736
5779 1049 1771
5780 1049 663
5781 1771 663
5782 1100 1774
5783 1100 631
5784 1774 631
5785 655 1777
5786 655 637
5787 1777 637
5788 653 1780
5789 653 1360
5790 1780 1360
5791 959 1783
5792 959 1403
5793 1783 1403
5794 1190 1786
5795 1190 1201
5796 1786 1201
5797 706 1789
5798 706 653
5799 1789 653
5800 1275 1792
5801 1275 1297
5802 1792 1297
5803 1076 1795
5804 1076 1100
5805 1795 1100
5806 1171 1798
5807 1171 1190
5808 1798 1190
5809 632 1801
5810 632 1275
5811 1801 1275
5812 1276 1804
5813 1276 698
5814 1804 698
5815 879 1807
5816 879 1143
5817 1807 1143
5818 1358 1810
5819 1358 869
5820 1810 869
5821 1235 1813
5822 1235 957
5823 1813 957
5824 1047 1816
5825 1047 680
5826 1816 680
5827 1097 1819
5828 1097 634
5829 1819 634
5830 737 1822
5831 737 1341
5832 1822 1341
5833 2145 1371
5834 2145 1824
5835 1371 1824
5836 1189 1826
5837 1189 1314
5838 1826 1314
5839 1314 1829
5840 1314 795
5841 1829 795
5842 1831 1824
5843 1831 1189
5844 1824 1189
5845 1188 1834
5846 1188 686
5847 1834 686
5848 2215 923
5849 130 136
5850 2215 667
5851 133 135
5852 1839 1250
5853 1839 690
5854 1250 690
5855 1841 1233
5856 1841 1250
5857 1233 1250
5858 956 1843
5859 956 703
5860 1843 703
5861 1418 1846
5862 1418 934
5863 1846 934
5864 1294 1849
5865 1294 981
5866 1849 981
5867 1233 1852
5868 1233 1217
5869 1852 1217
5870 1295 1855
5871 1295 1293
5872 1855 1293
5873 650 1858
5874 650 1096
5875 1858 1096
5876 1045 1861
5877 1045 996
5878 1861 996
5879 1293 1864
5880 1293 1277
5881 1864 1277
5882 1385 1354
5883 1385 2155
5884 1354 2155
5885 898 1867
5886 898 997
5887 1867 997
5888 2160 996
5889 2160 2162
5890 996 2162
5891 781 1385
5892 781 2156
5893 1385 2156
5894 929 1324
5895 666 929
5896 666 678
5897 929 678
5898 666 1870
5899 666 838
5900 1870 838
5901 182 186
5902 765 2216
5903 2216 972
5904 729 2216
5905 977 1873
5906 977 729
5907 1873 729
5908 1324 953
5909 1324 2159
5910 953 2159
5911 1353 1876
5912 1353 895
5913 1876 895
5914 1400 1879
5915 1400 1388
5916 1879 1388
5917 1044 1882
5918 1044 757
5919 1882 757
5920 838 1885
5921 838 896
5922 1885 896
5923 1273 1888
5924 1273 1291
5925 1888 1291
5926 757 1891
5927 757 826
5928 1891 826
5929 1084 1894
5930 1084 821
5931 1894 821
5932 702 1897
5933 702 722
5934 1897 722
5935 1378 1900
5936 1378 687
5937 1900 687
5938 1230 1903
5939 1230 973
5940 1903 973
5941 1906 882
5942 917 882
5943 1928 1278
5944 749 1909
5945 749 702
5946 1909 702
5947 994 1912
5948 994 1186
5949 1912 1186
5950 793 1915
5951 793 1230
5952 1915 1230
5953 1140 1918
5954 1140 1141
5955 1918 1141
5956 841 1921
5957 841 994
5958 1921 994
5959 1174 1924
5960 1174 1184
5961 1924 1184
5962 345 2242
5963 748 2239
5964 345 2239
5965 2242 2241
5966 1124 1931
5967 1124 1140
5968 1931 1140
5969 933 1934
5970 933 1174
5971 1934 1174
5972 1390 1937
5973 1390 940
5974 1937 940
5975 993 1940
5976 993 627
5977 1940 627
5978 1262 1943
5979 1262 982
5980 1943 982
5981 1094 1946
5982 1094 864
5983 1946 864
5984 1093 1949
5985 1093 839
5986 1949 839
5987 1350 1952
5988 1350 693
5989 1952 693
5990 915 1955
5991 915 993
5992 1955 993
5993 646 1958
5994 646 1043
5995 1958 1043
5996 647 1961
5997 647 1094
5998 1961 1094
5999 1289 1964
6000 1289 1290
6001 1964 1290
6002 699 1967
6003 699 646
6004 1967 646
6005 1221 1970
6006 1221 1229
6007 1970 1229
6008 883 1973
6009 883 1350
6010 1973 1350
6011 828 1976
6012 828 1289
6013 1976 1289
6014 984 1979
6015 984 1221
6016 1979 1221
6017 638 1982
6018 638 740
6019 1982 740
6020 799 1985
6021 799 746
6022 1985 746
6023 746 1988
6024 746 791
6025 1988 791
6026 2146 2147
6027 2146 791
6028 2147 791
6029 1279 1993
6030 1279 1288
6031 1993 1288
6032 891 1996
6033 891 1348
6034 1996 1348
6035 1423 949
6036 1423 2147
6037 949 2147
6038 1374 1375
6039 1374 1422
6040 1375 1422
6041 1220 1999
6042 1220 1228
6043 1999 1228
6044 830 2002
6045 830 1138
6046 2002 1138
6047 2149 745
6048 2149 1374
6049 745 1374
6050 988 2005
6051 988 830
6052 2005 830
6053 1083 1254
6054 1083 1114
6055 1254 1114
6056 2007 1252
6057 2007 1071
6058 1252 1071
6059 677 2009
6060 677 890
6061 2009 890
6062 890 2012
6063 890 834
6064 2012 834
6065 889 2015
6066 889 948
6067 2015 948
6068 1258 948
6069 1258 862
6070 948 862
6071 2218 2170
6072 1318 2218
6073 146 145
6074 677 2218
6075 2151 1182
6076 2151 1420
6077 1182 1420
6078 789 2018
6079 789 1227
6080 2018 1227
6081 2023 1120
6082 2023 1181
6083 1120 1181
6084 1420 744
6085 1420 2152
6086 744 2152
6087 788 2021
6088 788 744
6089 2021 744
6090 2219 1162
6091 626 2219
6092 2219 1347
6093 769 2219
6094 788 1120
6095 788 2025
6096 1120 2025
6097 989 2027
6098 989 741
6099 2027 741
6100 2220 2034
6101 2035 2220
6102 178 179
6103 765 2220
6104 2221 645
6105 63 572
6106 2221 2036
6107 481 1278
6108 645 2032
6109 645 947
6110 2032 947
6111 814 766
6112 814 2036
6113 766 2036
6114 1284 1019
6115 1284 813
6116 1019 813
6117 1255 785
6118 1255 727
6119 785 727
6120 947 2040
6121 947 888
6122 2040 888
6123 971 1223
6124 971 1255
6125 1223 1255
6126 990 2044
6127 990 785
6128 2044 785
6129 1088 2047
6130 1088 827
6131 2047 827
6132 946 2050
6133 946 697
6134 2050 697
6135 1136 2053
6136 1136 692
6137 2053 692
6138 1039 2056
6139 1039 742
6140 2056 742
6141 1178 2059
6142 1178 739
6143 2059 739
6144 1396 2062
6145 1396 784
6146 2062 784
6147 887 2065
6148 887 946
6149 2065 946
6150 886 2068
6151 886 1397
6152 2068 1397
6153 662 2071
6154 662 1039
6155 2071 1039
6156 1037 2074
6157 1037 1038
6158 2074 1038
6159 1282 2077
6160 1282 831
6161 2077 831
6162 1225 2080
6163 1225 694
6164 2080 694
6165 1391 2083
6166 1391 1396
6167 2083 1396
6168 1034 2086
6169 1034 1037
6170 2086 1037
6171 987 2089
6172 987 1087
6173 2089 1087
6174 1342 2092
6175 1342 1340
6176 2092 1340
6177 641 2095
6178 641 832
6179 2095 832
6180 2222 1162
6181 2157 2222
6182 2222 769
6183 781 2222
6184 2223 1429
6185 457 146
6186 2223 1254
6187 858 2223
6188 1033 2098
6189 1033 1031
6190 2098 1031
6191 935 2101
6192 935 1214
6193 2101 1214
6194 1270 2104
6195 1270 1269
6196 2104 1269
6197 1172 2107
6198 1172 1169
6199 2107 1169
6200 1075 2110
6201 1075 1074
6202 2110 1074
6203 733 2113
6204 733 935
6205 2113 935
6206 1269 2116
6207 1269 1263
6208 2116 1263
6209 1169 2119
6210 1169 1163
6211 2119 1163
6212 979 2122
6213 979 681
6214 2122 681
6215 218 519
6216 519 28
6217 2125 689
6218 928 2128
6219 928 630
6220 2128 630
6221 817 2131
6222 817 629
6223 2131 629
6224 1068 2134
6225 1068 1066
6226 2134 1066
6227 1020 2137
6228 1020 1021
6229 2137 1021
6230 2224 378
6231 190 2156
6232 190 578
6233 2224 2156
6234 190 191
6235 190 2224
6236 2161 578
6237 158 2029
6238 1433 2224
6239 2225 1432
6240 158 2225
6241 2225 7
6242 2029 2225
6243 1424 2225
6244 1432 363
6245 1424 363
6246 1433 1173
6247 2224 1173
6248 363 2225
6249 188 191
6250 2226 178
6251 187 1376
6252 2226 1376
6253 2228 1426
6254 2232 623
6255 2233 623
6256 1426 2227
6257 2140 2227
6258 6 2228
6259 2140 2228
6260 2227 2228
6261 1062 2229
6262 1062 2230
6263 2227 2230
6264 2230 2229
6265 667 2231
6266 2230 2231
6267 2229 2231
6268 6 2232
6269 1426 2233
6270 319 2234
6271 319 2235
6272 2232 2233
6273 2234 2233
6274 2234 2235
6275 2228 2232
6276 2228 2233
6277 2234 2231
6278 2235 2231
6279 2233 2172
6280 2234 2172
6281 319 2215
6282 319 130
6283 1113 2232
6284 667 923
6285 2157 769
6286 626 769
6287 143 223
6288 224 148
6289 321 2185
6290 723 167
6291 2037 167
6292 326 179
6293 481 480
6294 196 189
6295 192 194
6296 474 201
6297 198 200
6298 181 182
6299 2216 182
6300 810 137
6301 131 137
6302 2200 137
6303 408 2200
6304 127 126
6305 2178 127
6306 214 1601
6307 1907 205
6308 442 215
6309 442 685
6310 265 218
6311 217 265
6312 2203 265
6313 217 347
6314 723 888
6315 888 1159
6316 723 1159
6317 725 2037
6318 165 725
6319 165 2037
6320 144 612
6321 144 807
6322 1425 2237
6323 566 2236
6324 1370 2236
6325 2168 2236
6326 125 2236
6327 2236 2237
6328 566 2237
6329 936 811
6330 2143 810
6331 2141 2238
6332 399 2238
6333 2238 810
6334 2238 408
6335 2141 2143
6336 138 140
6337 2142 919
6338 1272 2142
6339 46 2200
6340 133 1202
6341 795 1202
6342 1202 1199
6343 1187 132
6344 1187 131
6345 393 132
6346 1404 1334
6347 734 1404
6348 734 200
6349 1404 200
6350 1334 200
6351 193 1401
6352 194 2162
6353 194 595
6354 194 1401
6355 748 2240
6356 1278 2240
6357 1141 2242
6358 2239 622
6359 35 2241
6360 1141 2241
6361 2241 377
6362 1926 2241
6363 2242 1926
6364 622 2242
6365 1927 2239
6366 480 2240
6367 1927 1929
6368 480 1929
6369 622 2191
6370 1927 2191
6371 368 377
6372 377 2217
6373 1926 2217
6374 2217 203
6375 203 2243
6376 2217 2191
6377 621 1905
6378 516 1906
6379 1751 917
6380 1601 377
6381 1907 204
6382 92 1928
6383 973 1928
6384 973 780
6385 569 780
6386 569 881
6387 1377 881
6388 1928 481
6389 1905 1928
6390 780 1905
6391 621 780
6392 881 621
6393 1906 881
6394 771 1602
6395 380 1751
6396 1313 1906
6397 1377 1313
6398 1907 480
6399 1313 881
6400 621 882
6401 944 1739
6402 1343 1102
6403 540 2195
6404 2195 308
6405 1739 1740
6406 1740 709
6407 917 208
6408 1738 106
6409 106 382
6410 1741 1738
6411 420 382
6412 207 1741
6413 420 2196
6414 209 1738
6415 1741 1739
6416 211 1728
6417 581 212
6418 1751 208
6419 944 1741
6420 210 420
6421 382 209
6422 210 382
6423 1731 1728
6424 420 211
6425 210 211
6426 882 206
6427 787 1602
6428 771 787
6429 106 420
6430 1738 709
6431 619 709
6432 1175 1751
6433 783 208
