200
0
0
0
0 -0.000000 17.799999 0.000000
1 0.559111 17.791216 0.000000
2 1.117671 17.764875 0.000000
3 1.675128 17.721003 0.000000
4 2.230932 17.659641 0.000000
5 2.784533 17.580853 0.000000
6 3.335387 17.484713 0.000000
7 3.882950 17.371317 0.000000
8 4.426680 17.240780 0.000000
9 4.966042 17.093227 0.000000
10 5.500502 16.928804 0.000000
11 6.029535 16.747677 0.000000
12 6.552617 16.550020 0.000000
13 7.069232 16.336031 0.000000
14 7.578871 16.105921 0.000000
15 8.081031 15.859916 0.000000
16 8.575215 15.598258 0.000000
17 9.060937 15.321207 0.000000
18 9.537717 15.029037 0.000000
19 10.005084 14.722034 0.000000
20 10.462577 14.400502 0.000000
21 10.909745 14.064758 0.000000
22 11.346147 13.715136 0.000000
23 11.771351 13.351976 0.000000
24 12.184938 12.975641 0.000000
25 12.586500 12.586500 0.000000
26 12.975641 12.184938 0.000000
27 13.351976 11.771351 0.000000
28 13.715136 11.346147 0.000000
29 14.064758 10.909745 0.000000
30 14.400502 10.462577 0.000000
31 14.722034 10.005084 0.000000
32 15.029037 9.537717 0.000000
33 15.321207 9.060937 0.000000
34 15.598258 8.575215 0.000000
35 15.859916 8.081031 0.000000
36 16.105921 7.578871 0.000000
37 16.336031 7.069232 0.000000
38 16.550020 6.552617 0.000000
39 16.747677 6.029535 0.000000
40 16.928804 5.500502 0.000000
41 17.093227 4.966042 0.000000
42 17.240780 4.426680 0.000000
43 17.371317 3.882950 0.000000
44 17.484713 3.335387 0.000000
45 17.580853 2.784533 0.000000
46 17.659641 2.230932 0.000000
47 17.721003 1.675128 0.000000
48 17.764875 1.117671 0.000000
49 17.791216 0.559111 0.000000
50 17.799999 0.000000 0.000000
51 17.791216 -0.559111 0.000000
52 17.764875 -1.117671 0.000000
53 17.721003 -1.675128 0.000000
54 17.659641 -2.230932 0.000000
55 17.580853 -2.784533 0.000000
56 17.484713 -3.335387 0.000000
57 17.371317 -3.882950 0.000000
58 17.240780 -4.426680 0.000000
59 17.093227 -4.966042 0.000000
60 16.928804 -5.500502 0.000000
61 16.747677 -6.029535 0.000000
62 16.550020 -6.552617 0.000000
63 16.336031 -7.069232 0.000000
64 16.105921 -7.578871 0.000000
65 15.859916 -8.081031 0.000000
66 15.598258 -8.575215 0.000000
67 15.321207 -9.060937 0.000000
68 15.029037 -9.537717 0.000000
69 14.722034 -10.005084 0.000000
70 14.400502 -10.462577 0.000000
71 14.064758 -10.909745 0.000000
72 13.715136 -11.346147 0.000000
73 13.351976 -11.771351 0.000000
74 12.975641 -12.184938 0.000000
75 12.586500 -12.586500 0.000000
76 12.184938 -12.975641 0.000000
77 11.771351 -13.351976 0.000000
78 11.346147 -13.715136 0.000000
79 10.909745 -14.064758 0.000000
80 10.462577 -14.400502 0.000000
81 10.005084 -14.722034 0.000000
82 9.537717 -15.029037 0.000000
83 9.060937 -15.321207 0.000000
84 8.575215 -15.598258 0.000000
85 8.081031 -15.859916 0.000000
86 7.578871 -16.105921 0.000000
87 7.069232 -16.336031 0.000000
88 6.552617 -16.550020 0.000000
89 6.029535 -16.747677 0.000000
90 5.500502 -16.928804 0.000000
91 4.966042 -17.093227 0.000000
92 4.426680 -17.240780 0.000000
93 3.882950 -17.371317 0.000000
94 3.335387 -17.484713 0.000000
95 2.784533 -17.580853 0.000000
96 2.230932 -17.659641 0.000000
97 1.675128 -17.721003 0.000000
98 1.117671 -17.764875 0.000000
99 0.559111 -17.791216 0.000000
100 -0.000000 -17.799999 0.000000
101 -0.559111 -17.791216 0.000000
102 -1.117671 -17.764875 0.000000
103 -1.675128 -17.721003 0.000000
104 -2.230932 -17.659641 0.000000
105 -2.784533 -17.580853 0.000000
106 -3.335387 -17.484713 0.000000
107 -3.882950 -17.371317 0.000000
108 -4.426680 -17.240780 0.000000
109 -4.966042 -17.093227 0.000000
110 -5.500502 -16.928804 0.000000
111 -6.029535 -16.747677 0.000000
112 -6.552617 -16.550020 0.000000
113 -7.069232 -16.336031 0.000000
114 -7.578871 -16.105921 0.000000
115 -8.081031 -15.859916 0.000000
116 -8.575215 -15.598258 0.000000
117 -9.060937 -15.321207 0.000000
118 -9.537717 -15.029037 0.000000
119 -10.005084 -14.722034 0.000000
120 -10.462577 -14.400502 0.000000
121 -10.909745 -14.064758 0.000000
122 -11.346147 -13.715136 0.000000
123 -11.771351 -13.351976 0.000000
124 -12.184938 -12.975641 0.000000
125 -12.586500 -12.586500 0.000000
126 -12.975641 -12.184938 0.000000
127 -13.351976 -11.771351 0.000000
128 -13.715136 -11.346147 0.000000
129 -14.064758 -10.909745 0.000000
130 -14.400502 -10.462577 0.000000
131 -14.722034 -10.005084 0.000000
132 -15.029037 -9.537717 0.000000
133 -15.321207 -9.060937 0.000000
134 -15.598258 -8.575215 0.000000
135 -15.859916 -8.081031 0.000000
136 -16.105921 -7.578871 0.000000
137 -16.336031 -7.069232 0.000000
138 -16.550020 -6.552617 0.000000
139 -16.747677 -6.029535 0.000000
140 -16.928804 -5.500502 0.000000
141 -17.093227 -4.966042 0.000000
142 -17.240780 -4.426680 0.000000
143 -17.371317 -3.882950 0.000000
144 -17.484713 -3.335387 0.000000
145 -17.580853 -2.784533 0.000000
146 -17.659641 -2.230932 0.000000
147 -17.721003 -1.675128 0.000000
148 -17.764875 -1.117671 0.000000
149 -17.791216 -0.559111 0.000000
150 -17.799999 0.000000 0.000000
151 -17.791216 0.559111 0.000000
152 -17.764875 1.117671 0.000000
153 -17.721003 1.675128 0.000000
154 -17.659641 2.230932 0.000000
155 -17.580853 2.784533 0.000000
156 -17.484713 3.335387 0.000000
157 -17.371317 3.882950 0.000000
158 -17.240780 4.426680 0.000000
159 -17.093227 4.966042 0.000000
160 -16.928804 5.500502 0.000000
161 -16.747677 6.029535 0.000000
162 -16.550020 6.552617 0.000000
163 -16.336031 7.069232 0.000000
164 -16.105921 7.578871 0.000000
165 -15.859916 8.081031 0.000000
166 -15.598258 8.575215 0.000000
167 -15.321207 9.060937 0.000000
168 -15.029037 9.537717 0.000000
169 -14.722034 10.005084 0.000000
170 -14.400502 10.462577 0.000000
171 -14.064758 10.909745 0.000000
172 -13.715136 11.346147 0.000000
173 -13.351976 11.771351 0.000000
174 -12.975641 12.184938 0.000000
175 -12.586500 12.586500 0.000000
176 -12.184938 12.975641 0.000000
177 -11.771351 13.351976 0.000000
178 -11.346147 13.715136 0.000000
179 -10.909745 14.064758 0.000000
180 -10.462577 14.400502 0.000000
181 -10.005084 14.722034 0.000000
182 -9.537717 15.029037 0.000000
183 -9.060937 15.321207 0.000000
184 -8.575215 15.598258 0.000000
185 -8.081031 15.859916 0.000000
186 -7.578871 16.105921 0.000000
187 -7.069232 16.336031 0.000000
188 -6.552617 16.550020 0.000000
189 -6.029535 16.747677 0.000000
190 -5.500502 16.928804 0.000000
191 -4.966042 17.093227 0.000000
192 -4.426680 17.240780 0.000000
193 -3.882950 17.371317 0.000000
194 -3.335387 17.484713 0.000000
195 -2.784533 17.580853 0.000000
196 -2.230932 17.659641 0.000000
197 -1.675128 17.721003 0.000000
198 -1.117671 17.764875 0.000000
199 -0.559111 17.791216 0.000000
